inc_type,niters,n_active_vertexes,sum_dlv,sum_dgv,sum_dlv_times_dlv,sum_dlv_times_dgv,sum_dgv_times_dgv,sum_in_border_vertexes,sum_out_border_vertexes,num_edges,num_vertexes,elapsed_time
0,168,46981329,102871716,813496819,942849604,6800790552,54042087295,0,118101454,1253096252,127801478,11.393819808959961
1,78,36504536,65400497,519144512,561275683,4030601112,32163504198,602103922,118119237,1252911176,127804466,5.279811859130859
1,20,612147,7389870,179373868,26065634,462751596,11187387926,197646683,0,414462872,42599940,0.9999030232429504
1,21,13162077,7461325,179406609,26398247,466607837,11218707097,199541249,41538303,416607545,42598928,2.073697090148926
1,110,41499648,73365903,590040115,644685231,4674753507,37512437557,594696594,118108164,1245495442,127800437,6.5507378578186035
1,133,25584710,67874884,542294810,577157962,4151708277,33207410792,601773718,118101454,1253096252,127801478,6.421133041381836
1,135,45747642,75576433,606963749,656576115,4748703075,38090996197,596040646,118111205,1246816754,127798586,5.105281829833984
1,48,49193539,78475959,625996831,685141443,4944825000,39501949837,599657006,118099457,1251000585,127798703,7.593149185180664
1,52,52605586,79468617,637752602,691858117,5007019610,40142273546,596197787,118120096,1247092573,127803669,7.379310131072998
1,13,18048080,8770689,204905575,31308479,544283467,12795141153,205627758,41543293,422987372,42600284,1.5576839447021484
1,98,57129426,81456762,651798831,711840298,5142906271,41143745853,598330665,118097561,1249529429,127797917,4.849878787994385
1,24,771614,1250598,9198518,13960554,99326327,761458890,598330665,118097561,1249529429,127797917,1.9153079986572266
1,9,726852,3911100,95414918,15319966,283499145,6877776010,197646683,0,414462872,42599940,1.6117290258407593
1,9,15790721,3929071,94769601,15391303,283745268,6847384637,199541249,41538303,416607545,42598928,1.1254960298538208
1,35,46465037,36164039,289827830,354225989,2596276591,20812176528,594696594,118108164,1245495442,127800437,2.976978063583374
1,27,47212460,34159926,274297755,331987758,2431737415,19511187473,601773718,118101454,1253096252,127801478,6.401753902435303
1,24,57951989,43660817,346306587,423516021,3084164570,24625246873,602103922,118119237,1252911176,127804466,3.5667459964752197
1,30,44672666,31670643,252296938,304549853,2220716734,17739638764,599657006,118099457,1251000585,127798703,2.946881055831909
1,114,52956949,36993159,297310375,356232635,2606673550,20922163613,596040646,118111205,1246816754,127798586,5.147731781005859
1,9,13885646,3165454,73524649,12216660,217998637,5108845647,205627758,41543293,422987372,42600284,0.8908470273017883
1,60,47996924,32424383,259610410,308533171,2252174101,18035902388,596197787,118120096,1247092573,127803669,4.479822158813477
1,1,0,0,0,0,0,0,596197787,118120096,1247092573,127803669,1.47610604763031
1,8,486323,2694512,66005507,10095844,184263394,4479295559,197646683,0,414462872,42599940,0.8255699872970581
1,9,12728148,2655586,64621623,9896242,180441048,4380302461,199541249,41538303,416607545,42598928,0.8897609710693359
1,26,36315377,23093658,186307267,215332150,1575049295,12669722439,594696594,118108164,1245495442,127800437,2.5491371154785156
1,31,34444304,21995766,176801204,205809562,1502585032,12065729628,601773718,118101454,1253096252,127801478,8.46080207824707
1,25,31436420,20755596,164562623,194983704,1412983337,11281396321,602103922,118119237,1252911176,127804466,5.772365093231201
1,32,29668826,19725347,157333698,186522727,1358701234,10861332552,599657006,118099457,1251000585,127798703,2.7978270053863525
1,28,26996801,18157200,146538171,173459354,1268959227,10201435835,596040646,118111205,1246816754,127798586,2.6141979694366455
1,9,8834513,2060038,47762805,7970190,142275690,3331322543,205627758,41543293,422987372,42600284,1.0371990203857422
1,39,47566581,30483922,245441880,285127214,2084000307,16748434248,598330665,118097561,1249529429,127797917,3.7735090255737305
1,1,0,0,0,0,0,0,598330665,118097561,1249529429,127797917,1.5886449813842773
1,8,339745,1866053,45743938,7123865,130926994,3186193700,197646683,0,414462872,42599940,0.782023012638092
1,10,8436901,1837742,44768883,7019050,128773380,3123589347,199541249,41538303,416607545,42598928,0.753591001033783
1,20,12023038,8194451,65480068,79598895,582342826,4663073340,599657006,118099457,1251000585,127798703,2.0767390727996826
1,23,30062612,35887772,287120218,339678066,2476809396,19824163630,596197787,118120096,1247092573,127803669,2.967947006225586
1,25,28592505,18963625,152987751,181503213,1331174447,10710637035,594696594,118108164,1245495442,127800437,2.344558000564575
1,20,27990652,18679276,149665591,179046930,1307482286,10477443865,601773718,118101454,1253096252,127801478,5.613931179046631
1,21,27580830,18423286,146880973,175931430,1283230426,10284739929,602103922,118119237,1252911176,127804466,5.310267925262451
1,9,7193940,1620752,37791637,6309388,112863160,2649378677,205627758,41543293,422987372,42600284,1.1141220331192017
1,25,24918741,16363599,131757649,156814489,1146866422,9212488013,596040646,118111205,1246816754,127798586,2.3255090713500977
1,1,0,0,0,0,0,0,596040646,118111205,1246816754,127798586,1.434898018836975
1,7,263288,1459767,35667954,5596447,103013930,2501716422,197646683,0,414462872,42599940,0.5933769941329956
1,10,6459757,1438891,34918400,5504495,101047278,2448608896,199541249,41538303,416607545,42598928,3.109381914138794
1,32,20169053,13478742,108078497,128856888,943011011,7568110195,599657006,118099457,1251000585,127798703,2.4185569286346436
1,45,24577548,32164137,258405108,300370617,2192532934,17599351132,598330665,118097561,1249529429,127797917,4.114840030670166
1,35,18575282,12387022,99969780,118368022,869647982,7010195808,594696594,118108164,1245495442,127800437,5.435038089752197
1,24,17547928,11960855,95452112,114771047,836336152,6686414116,601773718,118101454,1253096252,127801478,2.5343379974365234
1,23,16463471,11258740,90078209,107916868,787971992,6311300733,602103922,118119237,1252911176,127804466,2.2778871059417725
1,10,5429466,1266870,29710643,4932138,88470314,2084615199,205627758,41543293,422987372,42600284,0.8180999755859375
1,20,24583980,16697866,134299800,160052420,1171551762,9405699826,596197787,118120096,1247092573,127803669,2.345227003097534
1,1,0,0,0,0,0,0,596197787,118120096,1247092573,127803669,1.4292199611663818
1,8,220807,1200594,29306672,4583546,84191215,2043446988,197646683,0,414462872,42599940,0.6653029918670654
1,9,5346564,1188778,28704620,4531404,82721176,1993579620,199541249,41538303,416607545,42598928,2.728492021560669
1,19,15594046,10389886,83572509,98667884,723465918,5821003433,599657006,118099457,1251000585,127798703,2.3042490482330322
1,26,19808394,21419136,172114019,205200956,1499650374,12035864843,596040646,118111205,1246816754,127798586,3.0751349925994873
1,23,14654945,9670908,77873966,92335310,676003235,5430252170,594696594,118108164,1245495442,127800437,3.9824299812316895
1,21,14284326,9507038,75816554,90808480,661845076,5293827094,601773718,118101454,1253096252,127801478,2.2979989051818848
1,18,13986892,9245370,74118515,88153444,645284619,5184741113,602103922,118119237,1252911176,127804466,2.0614750385284424
1,10,4631678,1045325,24506315,4068145,72874479,1715093415,205627758,41543293,422987372,42600284,0.7148799896240234
1,27,21036275,14185470,113879653,136089428,996339123,7996510471,598330665,118097561,1249529429,127797917,4.279223918914795
1,1,0,0,0,0,0,0,598330665,118097561,1249529429,127797917,1.870566964149475
1,8,187144,990990,24207381,3790566,69909258,1702482829,197646683,0,414462872,42599940,0.7171249985694885
1,11,4467978,981804,23755613,3771904,69207203,1674895801,199541249,41538303,416607545,42598928,0.7077100276947021
1,20,13137519,8781053,70513792,85264525,625074036,5019033270,599657006,118099457,1251000585,127798703,2.0843560695648193
1,19,17034330,20907824,167709571,202899388,1484166307,11891535735,596197787,118120096,1247092573,127803669,2.7751190662384033
1,23,12607180,8470287,68332279,82134029,603641871,4862834775,594696594,118108164,1245495442,127800437,2.0764639377593994
1,39,12390018,8477531,67585727,82470623,601581637,4805226917,601773718,118101454,1253096252,127801478,2.3804609775543213
1,20,12173675,8286733,66455331,79990207,586487380,4715342109,602103922,118119237,1252911176,127804466,2.5055830478668213
1,9,4029693,941859,22017192,3725309,66865658,1567761430,205627758,41543293,422987372,42600284,0.7806410193443298
1,18,18694762,12707603,102291709,123032257,900797029,7233710211,596040646,118111205,1246816754,127798586,8.110228538513184
1,1,0,0,0,0,0,0,596040646,118111205,1246816754,127798586,1.5569700002670288
1,6,158305,884204,21599430,3377902,62249592,1514189448,197646683,0,414462872,42599940,0.6694920063018799
1,9,3889071,873005,21146575,3347623,61406584,1486057463,199541249,41538303,416607545,42598928,0.72325599193573
1,20,11401685,7731040,62055345,73949892,540977666,4341266215,599657006,118099457,1251000585,127798703,2.641174077987671
1,20,14913239,19536103,156409204,189881321,1389783397,11133796886,598330665,118097561,1249529429,127797917,2.982935905456543
1,22,10745215,7123879,57514168,67123891,492724441,3975164598,594696594,118108164,1245495442,127800437,1.9102669954299927
1,18,10409689,6919322,55276442,65182614,474094810,3788579798,601773718,118101454,1253096252,127801478,2.2753169536590576
1,15,10043154,6533021,52572437,60569125,443728301,3576249027,602103922,118119237,1252911176,127804466,4.10955286026001
1,9,3304377,737279,17331934,2805893,50001092,1180165390,205627758,41543293,422987372,42600284,0.8294050097465515
1,17,15956168,10566692,85101221,99627584,728280480,5851675125,596197787,118120096,1247092573,127803669,2.183743953704834
1,1,0,0,0,0,0,0,596197787,118120096,1247092573,127803669,1.3806500434875488
1,6,117003,667200,16357894,2472392,45304062,1106983164,197646683,0,414462872,42599940,0.5506849884986877
1,9,3106365,660421,16010576,2464831,44832394,1083451464,199541249,41538303,416607545,42598928,0.960312008857727
1,16,8919895,5574897,44886645,50971795,372313968,2995452425,599657006,118099457,1251000585,127798703,2.191066026687622
1,16,11803756,17417065,140057364,168029589,1229451734,9870364470,596040646,118111205,1246816754,127798586,2.2441790103912354
1,20,8021537,4876530,39265861,44435780,323234554,2594184193,594696594,118108164,1245495442,127800437,2.0082359313964844
1,16,7615899,4614718,36919765,41831638,303740181,2433899221,601773718,118101454,1253096252,127801478,4.628973960876465
1,15,7229356,4302260,34532533,38560858,281046403,2261340063,602103922,118119237,1252911176,127804466,4.771141052246094
1,10,2366316,475985,11275425,1760915,31271278,742314131,205627758,41543293,422987372,42600284,0.7175549864768982
1,21,11870411,7257047,58233367,65782665,479415040,3849650521,598330665,118097561,1249529429,127797917,2.32968807220459
1,1,0,0,0,0,0,0,598330665,118097561,1249529429,127797917,1.4984389543533325
1,7,74954,418999,10287119,1504785,27320631,668474557,197646683,0,414462872,42599940,2.833688974380493
1,10,2142543,414154,10120884,1507934,27293514,663495582,199541249,41538303,416607545,42598928,2.7000560760498047
1,15,6077730,3541391,28546396,31891173,233013509,1878354580,599657006,118099457,1251000585,127798703,2.013469934463501
1,17,8111026,13847598,111400324,130055164,949718943,7625845630,596197787,118120096,1247092573,127803669,2.5694000720977783
1,13,5317473,3037725,24542240,27106003,198035873,1599374870,594696594,118108164,1245495442,127800437,4.681705951690674
1,39,5010255,2879050,23007609,25662336,185650257,1485382659,601773718,118101454,1253096252,127801478,2.629410982131958
1,20,4732916,2688434,21586344,23927816,174173561,1400488482,602103922,118119237,1252911176,127804466,2.418320894241333
1,6,1544689,295186,7026540,1076796,19087516,453147808,205627758,41543293,422987372,42600284,0.7819280028343201
1,18,7867009,4503138,36307424,40043934,291002395,2339698834,596040646,118111205,1246816754,127798586,2.0295889377593994
1,1,0,0,0,0,0,0,596040646,118111205,1246816754,127798586,1.4476109743118286
1,5,47354,259638,6343160,932418,16741974,404934540,197646683,0,414462872,42599940,0.8754310011863708
1,6,1374233,254404,6163590,912464,16272696,391325076,199541249,41538303,416607545,42598928,1.6389919519424438
1,13,3872792,2150690,17315381,18644106,135548982,1091543297,599657006,118099457,1251000585,127798703,1.9204390048980713
1,18,5193984,9402761,75318630,85196885,619712448,4969164528,598330665,118097561,1249529429,127797917,3.9851720333099365
1,11,3344854,1827314,14746558,15679526,113789971,917565086,594696594,118108164,1245495442,127800437,4.513775825500488
1,15,3142878,1724295,13799596,14937005,107757155,861706454,601773718,118101454,1253096252,127801478,2.195796012878418
1,13,2947122,1581801,12747491,13407625,97302091,785107645,602103922,118119237,1252911176,127804466,1.8262460231781006
1,6,963533,177382,4231962,623600,10948608,261097456,205627758,41543293,422987372,42600284,0.6680150032043457
1,13,4954854,2720187,21845865,23461065,169270884,1357097013,596197787,118120096,1247092573,127803669,7.41837215423584
1,1,0,0,0,0,0,0,596197787,118120096,1247092573,127803669,1.562729001045227
1,6,27692,150877,3700203,513711,9184591,225760183,197646683,0,414462872,42599940,0.6716409921646118
1,6,842226,148267,3613348,519405,9208166,222285324,199541249,41538303,416607545,42598928,0.5942559838294983
1,12,2359691,1250116,10087403,10546620,76258849,613006137,599657006,118099457,1251000585,127798703,3.9155800342559814
1,16,3167049,5804682,46755284,51019488,370148572,2973956666,596040646,118111205,1246816754,127798586,2.055346965789795
1,20,1992152,1022703,8248854,8393527,60474418,486908036,594696594,118108164,1245495442,127800437,1.887328028678894
1,13,1850618,946959,7594121,7602839,54618759,438246971,601773718,118101454,1253096252,127801478,3.3532071113586426
1,14,1724675,877345,7035538,6985227,50094319,403012600,602103922,118119237,1252911176,127804466,4.600642204284668
1,5,559176,94558,2291235,314134,5480923,132556211,205627758,41543293,422987372,42600284,0.7972999811172485
1,13,2945478,1536054,12290016,12638476,90782467,726001456,598330665,118097561,1249529429,127797917,1.912477970123291
1,1,0,0,0,0,0,0,598330665,118097561,1249529429,127797917,1.490887999534607
1,5,15742,83469,2039426,275119,4821709,117762664,197646683,0,414462872,42599940,0.9158470034599304
1,5,483540,81308,1978108,269776,4715548,114563092,199541249,41538303,416607545,42598928,2.5680410861968994
1,14,1348427,683297,5503450,5431711,38963580,312886296,599657006,118099457,1251000585,127798703,1.9686939716339111
1,10,1816405,3471479,27895353,29516645,212875674,1708207009,596197787,118120096,1247092573,127803669,3.5911810398101807
1,11,1134880,565143,4582228,4481497,32351716,261859210,594696594,118108164,1245495442,127800437,4.49298620223999
1,10,1058671,533349,4291721,4259691,30651158,246527589,601773718,118101454,1253096252,127801478,1.8720250129699707
1,9,989213,495841,3979866,3965015,28421871,228175596,602103922,118119237,1252911176,127804466,1.7177170515060425
1,5,322189,53883,1290950,176481,3033867,72703590,205627758,41543293,422987372,42600284,1.593893051147461
1,9,1689718,855383,6875252,6797847,48687000,390377660,596040646,118111205,1246816754,127798586,5.792500019073486
1,1,0,0,0,0,0,0,596040646,118111205,1246816754,127798586,1.5158079862594604
1,5,9293,46111,1133140,149523,2631478,64784364,197646683,0,414462872,42599940,0.6005619764328003
1,5,276886,45527,1096817,148463,2570058,62010277,199541249,41538303,416607545,42598928,0.6023240089416504
1,9,774623,380835,3093602,3017253,21808820,176400076,599657006,118099457,1251000585,127798703,3.7072041034698486
1,15,1045903,1985909,15867117,16325423,117034460,935149365,598330665,118097561,1249529429,127797917,1.9922300577163696
1,11,655584,323485,2602204,2648861,18936959,151191674,594696594,118108164,1245495442,127800437,2.167351007461548
1,8,611554,303853,2440592,2503737,17961905,143681810,601773718,118101454,1253096252,127801478,2.0259408950805664
1,11,569045,277160,2225938,2185030,15726595,126772506,602103922,118119237,1252911176,127804466,1.6952760219573975
1,6,185822,31460,756561,106954,1878885,44918999,205627758,41543293,422987372,42600284,1.7503390312194824
1,9,975980,493517,3911528,3998747,28231872,223385756,596197787,118120096,1247092573,127803669,7.220483779907227
1,1,0,0,0,0,0,0,596197787,118120096,1247092573,127803669,1.4879889488220215
1,6,5111,26145,653769,80961,1438912,36487739,197646683,0,414462872,42599940,0.4860000014305115
1,5,161403,26102,637355,85762,1507578,36838951,199541249,41538303,416607545,42598928,0.6945229768753052
1,14,451667,218581,1794013,1689685,12289953,100630863,599657006,118099457,1251000585,127798703,1.7889089584350586
1,7,606567,1116651,8965568,8860721,63425450,508285334,596040646,118111205,1246816754,127798586,3.9491050243377686
1,20,384167,186649,1511294,1424051,10159400,81857054,594696594,118108164,1245495442,127800437,4.492275238037109
1,9,358752,176310,1418877,1312942,9377147,75583201,601773718,118101454,1253096252,127801478,1.8632099628448486
1,11,339322,167280,1338099,1224760,8669240,69341971,602103922,118119237,1252911176,127804466,3.310241937637329
1,4,110767,17868,438932,54870,954290,23433240,205627758,41543293,422987372,42600284,0.9726930260658264
1,13,580555,296936,2352400,2377274,16772023,132405770,598330665,118097561,1249529429,127797917,1.8399449586868286
1,1,0,0,0,0,0,0,598330665,118097561,1249529429,127797917,1.4889509677886963
1,5,3295,16449,401296,50835,891000,21904092,197646683,0,414462872,42599940,0.8568500280380249
1,5,97271,16467,393470,55341,951239,22460702,199541249,41538303,416607545,42598928,2.564237117767334
1,13,275973,138425,1131666,1050773,7626352,62394242,599657006,118099457,1251000585,127798703,1.9246909618377686
1,9,371542,658327,5222543,5261185,37119980,293873431,596197787,118120096,1247092573,127803669,3.1137309074401855
1,8,239894,117375,963561,904853,6589503,54083417,594696594,118108164,1245495442,127800437,7.13932991027832
1,10,226151,113266,916459,896450,6522502,53053825,601773718,118101454,1253096252,127801478,1.7884629964828491
1,6,214732,106301,855848,833309,6001998,48320872,602103922,118119237,1252911176,127804466,1.6901040077209473
1,4,70424,11418,276105,36390,626104,15162961,205627758,41543293,422987372,42600284,1.4346879720687866
1,7,362538,182150,1452272,1397670,9922278,78941390,596040646,118111205,1246816754,127798586,6.976208209991455
1,1,0,0,0,0,0,0,596040646,118111205,1246816754,127798586,1.5675970315933228
1,4,11596,1651,39410,4823,77035,1810432,205627758,41543293,422987372,42600284,0.695044994354248
1,7,125690,60953,480056,464337,3220863,25123504,596197787,118120096,1247092573,127803669,1.6536439657211304
1,8,85573,39101,314261,277193,1974795,16028073,601773718,118101454,1253096252,127801478,2.8020880222320557
1,10,232045,391386,3106938,3104190,21889963,173220206,598330665,118097561,1249529429,127797917,4.518628120422363
1,7,212682,95839,795926,670981,4881031,40440290,599657006,118099457,1251000585,127798703,1.9440339803695679
1,5,4861,28545,691801,86387,1502319,36992039,197646683,0,414462872,42599940,0.5732870101928711
1,10,166087,72695,587896,499899,3529311,28403690,594696594,118108164,1245495442,127800437,2.1012399196624756
1,4,87297,13597,329068,42639,704219,16808568,199541249,41538303,416607545,42598928,0.7137280106544495
1,9,141572,62345,503590,431645,3066053,24729486,602103922,118119237,1252911176,127804466,1.7726260423660278
1,1,0,0,0,0,0,0,602103922,118119237,1252911176,127804466,1.5042530298233032
1,4,460,1816,44943,5072,87800,2333517,197646683,0,414462872,42599940,0.5610460042953491
1,3,4754,715,17285,2179,36978,909239,199541249,41538303,416607545,42598928,0.5274180173873901
1,9,41653,18335,150377,122563,863684,7015829,599657006,118099457,1251000585,127798703,1.8997139930725098
1,6,117641,226753,1812587,1701639,12091295,96585627,596040646,118111205,1246816754,127798586,1.9152790307998657
1,6,42103,20404,160144,140940,955126,7389568,594696594,118108164,1245495442,127800437,1.6051609516143799
1,5,108718,48518,392153,324482,2294570,18540009,601773718,118101454,1253096252,127801478,1.7469170093536377
1,6,128775,58091,455747,389143,2681723,21114981,596197787,118120096,1247092573,127803669,1.6294660568237305
1,4,48309,7303,176319,20905,341450,8240967,205627758,41543293,422987372,42600284,0.6642879843711853
1,13,113304,51430,410887,343068,2396389,19188253,598330665,118097561,1249529429,127797917,1.9481769800186157
1,1,0,0,0,0,0,0,598330665,118097561,1249529429,127797917,1.6300450563430786
1,3,3752,606,13607,1708,26288,583559,205627758,41543293,422987372,42600284,0.6359050273895264
1,8,16983,7172,58045,43878,309478,2538685,596197787,118120096,1247092573,127803669,1.6218329668045044
1,5,31425,13447,108298,79967,559331,4544690,601773718,118101454,1253096252,127801478,1.9624229669570923
1,6,68757,89724,726658,596330,4220379,34174402,602103922,118119237,1252911176,127804466,1.6148960590362549
1,5,70011,29528,240601,175486,1231104,10064561,599657006,118099457,1251000585,127798703,1.5925240516662598
1,4,1088,5329,131142,14865,244660,6090410,197646683,0,414462872,42599940,0.49449801445007324
1,5,59905,25678,203376,165184,1128326,8837360,594696594,118108164,1245495442,127800437,1.8298790454864502
1,4,27493,4131,96703,11321,170660,3932851,199541249,41538303,416607545,42598928,0.6270449757575989
1,10,74327,32219,262094,207425,1452441,11704458,596040646,118111205,1246816754,127798586,1.645725965499878
1,1,0,0,0,0,0,0,596040646,118111205,1246816754,127798586,1.438336968421936
1,3,2411,371,8890,1343,23144,529250,199541249,41538303,416607545,42598928,0.516294002532959
1,8,25102,11237,90708,78509,566911,4641856,602103922,118119237,1252911176,127804466,1.8073819875717163
1,4,1192,6001,150360,16785,282836,7186864,197646683,0,414462872,42599940,0.4614830017089844
1,6,40906,68531,544382,462435,3234420,25849834,598330665,118097561,1249529429,127797917,1.635761022567749
1,5,39722,17489,140006,111983,801226,6595622,601773718,118101454,1253096252,127801478,1.7855579853057861
1,3,15531,2812,67129,8082,133574,3227609,205627758,41543293,422987372,42600284,0.6277089715003967
1,5,31820,14381,114507,105647,744440,5887509,599657006,118099457,1251000585,127798703,1.5965559482574463
1,5,52749,22718,182945,153866,1066985,8518359,596197787,118120096,1247092573,127803669,1.8621660470962524
1,5,34760,15092,116285,104396,695191,5257377,594696594,118108164,1245495442,127800437,1.6073789596557617
1,1,0,0,0,0,0,0,594696594,118108164,1245495442,127800437,1.4368679523468018
1,3,4134,555,12721,1511,22228,485481,205627758,41543293,422987372,42600284,0.6206520199775696
1,6,4176,1692,14033,10004,71961,592861,596197787,118120096,1247092573,127803669,1.5466760396957397
1,4,1339,6689,168276,18345,310000,7942742,197646683,0,414462872,42599940,0.5748040080070496
1,7,28426,41955,342653,265789,1864432,15087309,596040646,118111205,1246816754,127798586,1.6910820007324219
1,4,19115,7776,62059,42662,298201,2435735,601773718,118101454,1253096252,127801478,1.5620059967041016
1,4,10518,1889,46631,5321,87454,2101709,199541249,41538303,416607545,42598928,0.5305299758911133
1,5,16959,7073,57582,45977,317179,2526770,599657006,118099457,1251000585,127798703,1.7792390584945679
1,4,28278,12157,97513,76815,539771,4422385,598330665,118097561,1249529429,127797917,1.7600359916687012
1,5,35309,13888,114265,81920,593544,4968913,602103922,118119237,1252911176,127804466,1.5748670101165771
1,1,0,0,0,0,0,0,602103922,118119237,1252911176,127804466,1.4961669445037842
1,3,2691,413,9818,1403,24135,555954,199541249,41538303,416607545,42598928,0.5592970252037048
1,5,11959,5150,42937,39186,282045,2289511,596040646,118111205,1246816754,127798586,1.7458449602127075
1,3,5235,1286,30996,3860,63867,1526080,205627758,41543293,422987372,42600284,0.7002599835395813
1,5,18358,21451,164848,140823,932347,7074808,594696594,118108164,1245495442,127800437,1.5365639925003052
1,4,1368,6951,174722,18879,317737,8149458,197646683,0,414462872,42599940,0.541608989238739
1,6,19012,9728,77029,71194,488798,3796551,596197787,118120096,1247092573,127803669,1.6050950288772583
1,5,15772,6222,49241,41890,291319,2347183,601773718,118101454,1253096252,127801478,1.59592604637146
1,4,11147,4293,34680,25521,177023,1443790,598330665,118097561,1249529429,127797917,1.7657599449157715
1,5,15057,5591,43771,33879,229061,1790051,599657006,118099457,1251000585,127798703,1.6110609769821167
1,1,0,0,0,0,0,0,599657006,118099457,1251000585,127798703,1.4946069717407227
1,2,2668,266,7013,672,10282,258667,205627758,41543293,422987372,42600284,0.6105020046234131
1,4,6667,2485,19047,14465,95832,740521,594696594,118108164,1245495442,127800437,1.5295989513397217
1,4,2674,5283,42776,31045,215735,1756636,598330665,118097561,1249529429,127797917,1.7953749895095825
1,5,11935,17130,140040,100170,721243,6017932,602103922,118119237,1252911176,127804466,1.641239047050476
1,3,4007,907,21697,2779,43080,992549,199541249,41538303,416607545,42598928,0.5250200033187866
1,6,11756,8750,73433,58564,417329,3446641,596040646,118111205,1246816754,127798586,1.5452979803085327
1,4,1365,7006,176055,19004,319212,8188063,197646683,0,414462872,42599940,0.5334219932556152
1,4,8686,2774,22654,14554,99097,808214,596197787,118120096,1247092573,127803669,1.789188027381897
1,4,8215,3029,23250,16769,111082,870916,601773718,118101454,1253096252,127801478,1.6213480234146118