is_inc,level,current_iter,num_iters,sum_indegree,sum_outdegree,num_vertexes,elapsed_time
0,0,0,43,0,1400000000,36008049,14.7431058883667
0,0,1,43,0,1353443301,96894,13.620424270629883
0,0,2,43,0,652211,3910,0.029242999851703644
0,0,3,43,0,21555,397,0.011289999820291996
0,0,4,43,0,1427,72,0.012927000410854816
0,0,5,43,0,415,37,0.01105900015681982
0,0,6,43,0,479,25,0.008290999568998814
0,0,7,43,0,176,17,0.006918999832123518
0,0,8,43,0,170,15,0.006804000120609999
0,0,9,43,0,30,10,0.006668999791145325
0,0,10,43,0,16,11,0.0067369998432695866
0,0,11,43,0,11,7,0.006725000217556953
0,0,12,43,0,8,7,0.006692999973893166
0,0,13,43,0,8,7,0.006730999797582626
0,0,14,43,0,8,7,0.006732999812811613
0,0,15,43,0,7,7,0.00672199996188283
0,0,16,43,0,8,7,0.006713000126183033
0,0,17,43,0,7,7,0.006533000152558088
0,0,18,43,0,7,7,0.0067090000957250595
0,0,19,43,0,7,7,0.006707000080496073
0,0,20,43,0,8,7,0.006738999858498573
0,0,21,43,0,7,7,0.00672899978235364
0,0,22,43,0,10,5,0.006701999809592962
0,0,23,43,0,5,5,0.006535999942570925
0,0,24,43,0,6,5,0.006775000132620335
0,0,25,43,0,9,4,0.006697999779134989
0,0,26,43,0,4,4,0.006529000122100115
0,0,27,43,0,4,4,0.006767000071704388
0,0,28,43,0,4,4,0.0067819999530911446
0,0,29,43,0,5,4,0.006533000152558088
0,0,30,43,0,4,4,0.006785999983549118
0,0,31,43,0,4,4,0.006705999840050936
0,0,32,43,0,4,4,0.006506000179797411
0,0,33,43,0,8,4,0.006825000047683716
0,0,34,43,0,4,4,0.006732999812811613
0,0,35,43,0,4,4,0.006783000193536282
0,0,36,43,0,4,4,0.006794000044465065
0,0,37,43,0,4,4,0.006821999792009592
0,0,38,43,0,7,3,0.006757999770343304
0,0,39,43,0,4,3,0.006703000050038099
0,0,40,43,0,3,2,0.006748000159859657
0,0,41,43,0,3,2,0.006173999980092049
0,0,42,43,0,5,0,0.006723000202327967
0,1,0,43,1399870503,1353466767,35200423,28.713592529296875
