is_inc,level,current_iter,num_iters,sum_indegree,sum_outdegree,num_vertexes,elapsed_time
0,0,0,8,0,89039163,6463465,1.9995110034942627
0,0,1,8,0,82791144,71298,1.8309910297393799
0,0,2,8,0,151001,2941,0.012121999636292458
0,0,3,8,0,5763,353,0.004139999859035015
0,0,4,8,0,1076,60,0.003854000009596348
0,0,5,8,0,170,9,0.0033660000190138817
0,0,6,8,0,30,1,0.0030960000585764647
0,0,7,8,0,1,0,0.0025909999385476112
0,1,0,8,350551277,355559126,10099225,3.9094810485839844
1,0,0,6,0,86539011,1272116,2.008236885070801
1,0,1,6,0,2518565,12233,0.09777899831533432
1,0,2,6,0,19606,278,0.0036750000435858965
1,0,3,6,0,441,15,0.003493000054731965
1,0,4,6,0,37,3,0.003507999936118722
1,0,5,6,0,7,0,0.003108999924734235
1,1,0,6,699207066,346403734,10085285,3.008280038833618
1,0,0,6,0,82366959,670279,2.055119037628174
1,0,1,6,0,1166855,22419,0.050280001014471054
1,0,2,6,0,29879,707,0.003200999926775694
1,0,3,6,0,1391,32,0.0020860000513494015
1,0,4,6,0,40,1,0.0020290000829845667
1,0,5,6,0,0,0,0.002041999949142337
1,1,0,6,701047237,348098666,10085155,3.0764119625091553
1,0,0,5,0,83532701,520897,1.8019590377807617
1,0,1,5,0,841548,9259,0.04289200156927109
1,0,2,5,0,12595,264,0.0024979999288916588
1,0,3,5,0,847,10,0.0019369999645277858
1,0,4,5,0,12,0,0.0019490000559017062
1,1,0,5,698201311,349594221,10089575,2.7552130222320557
1,0,0,5,0,3339629,56963,0.13816599547863007
1,0,1,5,0,83792,1251,0.01093399990350008
1,0,2,5,0,1788,37,0.0031840000301599503
1,0,3,5,0,60,1,0.002959999954327941
1,0,4,5,0,1,0,0.0029529999010264874
1,1,0,5,356902227,15180442,2588109,1.0257459878921509
1,0,0,1,0,1,0,0.0064119999296963215
1,1,0,1,350418913,0,0,0.8472099900245667
1,0,0,5,0,1829117,30269,0.0953110009431839
1,0,1,5,0,40999,661,0.0048050000332295895
1,0,2,5,0,1075,28,0.0036539998836815357
1,0,3,5,0,41,3,0.0038030000869184732
1,0,4,5,0,6,0,0.0036869999021291733
1,1,0,5,351915212,8110834,1386539,0.9873279929161072
1,0,0,4,0,1035455,13766,0.07509099692106247
1,0,1,4,0,19352,147,0.00467800023034215
1,0,2,4,0,210,3,0.003570999950170517
1,0,3,4,0,6,0,0.003425000002607703
1,1,0,4,351432150,4407870,688931,0.9383379817008972
1,0,0,5,0,166371,2887,0.01435100007802248
1,0,1,5,0,3796,61,0.004871000070124865
1,0,2,5,0,85,1,0.0034390001092106104
1,0,3,5,0,3,2,0.0031930000986903906
1,0,4,5,0,2,0,0.0031870000530034304
1,1,0,5,349210908,691120,127827,0.8795660138130188
1,0,0,1,0,2,0,0.004693000111728907
1,1,0,1,349038941,0,0,0.8548979759216309
1,0,0,4,0,19726,385,0.006419000215828419
1,0,1,4,0,479,12,0.0034409998916089535
1,0,2,4,0,17,1,0.0032309999223798513
1,0,3,4,0,0,0,0.0032210000790655613
1,1,0,4,349557901,88398,18023,0.8873289823532104
1,0,0,3,0,10810,92,0.0038060001097619534
1,0,1,3,0,152,2,0.003338000038638711
1,0,2,3,0,1,0,0.005882000084966421
1,1,0,3,350468611,13941,3619,0.8493599891662598
1,0,0,3,0,3424220,1121,0.1288750022649765
1,0,1,3,0,1465,18,0.0026459998916834593
1,0,2,3,0,20,0,0.0029750000685453415
1,1,0,3,350489144,254946,50073,0.9717779755592346
1,0,0,1,0,20,0,0.006432000081986189
1,1,0,1,350418913,0,0,0.8543519973754883
1,0,0,3,0,1092,27,0.005245000123977661
1,0,1,3,0,45,3,0.006252000108361244
1,0,2,3,0,3,0,0.005086999852210283
1,1,0,3,349530870,5041,1331,0.8945909738540649
1,0,0,3,0,2430,38,0.006550999823957682
1,0,1,3,0,51,2,0.0046790000051259995
1,0,2,3,0,1,0,0.0036780000664293766
1,1,0,3,350465552,4207,1177,0.8838459849357605
1,0,0,3,0,163383,62,0.01706000044941902
1,0,1,3,0,85,1,0.004253000020980835
1,0,2,3,0,0,0,0.004222999792546034
1,1,0,3,349041130,6772,1788,0.8806719779968262
1,0,0,1,0,0,0,0.0025969999842345715
1,1,0,1,349038941,0,0,0.8461269736289978
1,0,0,4,0,5576,6,0.003922999836504459
1,0,1,4,0,6,3,0.0032560001127421856
1,0,2,4,0,4,1,0.0032470000442117453
1,0,3,4,0,0,0,0.0032450000289827585
1,1,0,4,349529431,556,111,0.8946589827537537
1,0,0,2,0,6423,5,0.003711000084877014
1,0,1,2,0,4,0,0.0032099999953061342
1,1,0,2,350464154,489,77,0.8934059739112854
1,0,0,3,0,3424387,49,0.13579800724983215
1,0,1,3,0,90,2,0.0026910000015050173
1,0,2,3,0,2,0,0.002612000098451972
1,1,0,3,350419163,888,186,0.9969879984855652
