is_inc,level,current_iter,num_iters,sum_indegree,sum_outdegree,num_vertexes,elapsed_time
0,0,0,8,0,23034373,2675308,1.0527329444885254
0,0,1,8,0,20640559,29586,0.8890820145606995
0,0,2,8,0,54484,1305,0.00801599957048893
0,0,3,8,0,1830,155,0.0035329998936504126
0,0,4,8,0,254,23,0.003073000116273761
0,0,5,8,0,37,5,0.002578000072389841
0,0,6,8,0,4,1,0.0025339999701827765
0,0,7,8,0,0,0,0.0025690000038594007
0,1,0,8,175713871,183549262,5066901,2.0039989948272705
1,0,0,6,0,21378837,575536,0.9903600215911865
1,0,1,6,0,1152610,5595,0.09246300160884857
1,0,2,6,0,9044,166,0.0027570000384002924
1,0,3,6,0,211,10,0.0019519999623298645
1,0,4,6,0,11,1,0.0020149999763816595
1,0,5,6,0,0,0,0.002524999901652336
1,1,0,6,349981131,171042556,5066733,1.6696449518203735
1,0,0,6,0,20237348,350408,0.854981005191803
1,0,1,6,0,434902,13492,0.03791499882936478
1,0,2,6,0,13068,522,0.002730000065639615
1,0,3,6,0,605,27,0.0013010000111535192
1,0,4,6,0,40,2,0.0012450000504031777
1,0,5,6,0,0,0,0.0012290000449866056
1,1,0,6,349319374,175420366,5055000,1.4574689865112305
1,0,0,5,0,20499380,253631,1.1252670288085938
1,0,1,5,0,261974,5647,0.23432299494743347
1,0,2,5,0,5946,189,0.0022539999336004257
1,0,3,5,0,283,11,0.0015239999629557133
1,0,4,5,0,4,0,0.0015079999575391412
1,1,0,5,349563882,174782331,5063155,1.9624459743499756
1,0,0,6,0,20447943,264856,0.40281400084495544
1,0,1,6,0,285445,6307,0.010859999805688858
1,0,2,6,0,6565,232,0.001227000029757619
1,0,3,6,0,258,6,0.0008650000090710819
1,0,4,6,0,7,1,0.0008280000183731318
1,0,5,6,0,2,0,0.0007789999945089221
1,1,0,6,348731004,174865872,5063809,0.8400269746780396
1,0,0,4,0,2716405,34199,0.21324799954891205
1,0,1,4,0,33453,656,0.007947999984025955
1,0,2,4,0,709,13,0.003272000001743436
1,0,3,4,0,9,0,0.003148999996483326
1,1,0,4,182260449,12357167,1471487,0.7943390011787415
1,0,0,5,0,21305377,151935,0.9090200066566467
1,0,1,5,0,151826,1750,0.019968999549746513
1,0,2,5,0,1538,38,0.0024240000639110804
1,0,3,5,0,40,1,0.0021780000533908606
1,0,4,5,0,2,0,0.0021669999696314335
1,1,0,5,350330859,177705160,5064083,1.5317410230636597
1,0,0,4,0,20398266,120799,0.9108250141143799
1,0,1,4,0,124122,2722,0.018046999350190163
1,0,2,4,0,2019,27,0.0028280001133680344
1,0,3,4,0,25,0,0.00240899994969368
1,1,0,4,350813865,170449647,5063464,1.5138269662857056
1,0,0,4,0,20713175,111328,0.8761489987373352
1,0,1,4,0,191616,958,0.02775000035762787
1,0,2,4,0,1126,9,0.0029440000653266907
1,0,3,4,0,7,0,0.0027409999165683985
1,1,0,4,349651292,172061936,5063851,1.475862979888916
1,0,0,3,0,15321,53,0.0032110000029206276
1,0,1,3,0,48,1,0.0019280000124126673
1,0,2,3,0,1,0,0.001800999976694584
1,1,0,3,174824516,34220,6479,0.5584049820899963
1,0,0,4,0,635327,13096,0.05214700102806091
1,0,1,4,0,10803,49,0.002300000051036477
1,0,2,4,0,54,1,0.0010290000354871154
1,0,3,4,0,3,0,0.001019999966956675
1,1,0,4,176622283,5557094,960721,0.6089140176773071
1,0,0,4,0,413158,7576,0.04199099913239479
1,0,1,4,0,17794,281,0.004406999796628952
1,0,2,4,0,215,2,0.001155999954789877
1,0,3,4,0,0,0,0.0010209999745711684
1,1,0,4,175989229,3664653,700446,0.601626992225647
1,0,0,3,0,435106,7220,0.040001001209020615
1,0,1,3,0,6525,30,0.0018350000027567148
1,0,2,3,0,23,0,0.001032999949529767
1,1,0,3,175537724,3704570,688524,0.6076989769935608
1,0,0,3,0,406621,4291,0.05524799972772598
1,0,1,3,0,3807,56,0.002382999984547496
1,0,2,3,0,66,0,0.00241800001822412
1,1,0,3,176369197,2314101,452188,0.6159859895706177
1,0,0,4,0,292425,2703,0.045625001192092896
1,0,1,4,0,2556,22,0.0034890000242739916
1,0,2,4,0,43,1,0.0031469999812543392
1,0,3,4,0,0,0,0.003206999972462654
1,1,0,4,175561177,1456917,297620,0.6127920150756836
1,0,0,3,0,93726,1490,0.016834000125527382
1,0,1,3,0,1372,14,0.0019680000841617584
1,0,2,3,0,10,0,0.001711999997496605
1,1,0,3,175609381,742704,164774,0.5637949705123901
1,0,0,4,0,989878,15168,0.09560699760913849
1,0,1,4,0,14262,135,0.003473999910056591
1,0,2,4,0,134,3,0.002432999899610877
1,0,3,4,0,2,0,0.0024079999420791864
1,1,0,4,178446785,8765152,1343234,0.6544430255889893
1,0,0,1,0,4663,0,0.0020210000220686197
1,1,0,1,174979815,0,0,0.547793984413147
1,0,0,3,0,21590,460,0.005766000133007765
1,0,1,3,0,417,6,0.0019490000559017062
1,0,2,3,0,5,0,0.0018050000071525574
1,1,0,3,174698798,167507,40378,0.5576090216636658
1,0,0,4,0,24439,360,0.006258999928832054
1,0,1,4,0,321,6,0.003344000084325671
1,0,2,4,0,9,1,0.0031159999780356884
1,0,3,4,0,3,0,0.003134000115096569
1,1,0,4,174813830,134491,32808,0.5720589756965637
1,0,0,3,0,27499,268,0.006173999980092049
1,0,1,3,0,253,5,0.0026809999253600836
1,0,2,3,0,8,0,0.0023789999540895224
1,1,0,3,174388747,121275,25814,0.572504997253418
1,0,0,3,0,154884,254,0.030125999823212624
1,0,1,3,0,232,1,0.0031530000269412994
1,0,2,3,0,0,0,0.0031850000377744436
1,1,0,3,175719350,91305,21823,0.597760021686554
1,0,0,3,0,132034,183,0.02666500024497509
1,0,1,3,0,173,1,0.0026000000070780516
1,0,2,3,0,0,0,0.0028329999186098576
1,1,0,3,175178668,75203,18810,0.6077010035514832
1,0,0,3,0,18304,204,0.004966000095009804
1,0,1,3,0,187,2,0.0015790000325068831
1,0,2,3,0,2,0,0.001344999996945262
1,1,0,3,175419293,71791,17869,0.5545880198478699
1,0,0,3,0,36954,573,0.009278000332415104
1,0,1,3,0,528,12,0.002776999957859516
1,0,2,3,0,5,0,0.0025239998940378428
1,1,0,3,174887148,220354,55300,0.5248079895973206
1,0,0,1,0,12137,0,0.0023040000814944506
1,1,0,1,174816113,0,0,0.5451120138168335
1,0,0,3,0,4431,37,0.002148000057786703
1,0,1,3,0,38,2,0.001623000018298626
1,0,2,3,0,0,0,0.0017310000257566571
1,1,0,3,174650246,7824,2033,0.5569909811019897
1,0,0,2,0,8724,17,0.0021210000850260258
1,0,1,2,0,18,0,0.0017340000486001372
1,1,0,2,174774832,6240,1626,0.5488640069961548
1,0,0,2,0,146788,12,0.027858000248670578
1,0,1,2,0,10,0,0.0034970000851899385
1,1,0,2,175693976,4128,1018,0.5884050130844116
1,0,0,2,0,1004097,37,0.09550800174474716
1,0,1,2,0,32,0,0.0016420000465586782
1,1,0,2,174983117,10134,2586,0.6494619846343994
1,0,0,2,0,14986,22,0.0041600000113248825
1,0,1,2,0,38,0,0.0017500000540167093
1,1,0,2,174358268,5272,1341,0.553600013256073
1,0,0,2,0,10268,14,0.0023159999400377274
1,0,1,2,0,11,0,0.0022249999456107616
1,1,0,2,175398764,2910,776,0.5639939904212952
1,0,0,2,0,124327,4,0.023569999262690544
1,0,1,2,0,3,0,0.0022410000674426556
1,1,0,2,175156917,3667,965,0.5687410235404968
1,0,0,1,0,123923,0,0.025464000180363655
1,1,0,1,175155683,0,0,0.5859990119934082
1,0,0,2,0,3649,5,0.001491999952122569
1,0,1,2,0,5,0,0.0018149999668821692
1,1,0,2,174647667,456,95,0.5305709838867188
1,0,0,2,0,7586,3,0.0019290000200271606
1,0,1,2,0,3,0,0.0019890000112354755
1,1,0,2,174772885,361,88,0.5474569797515869
1,0,0,2,0,144579,4,0.02679700031876564
1,0,1,2,0,3,0,0.003932000137865543
1,1,0,2,175692683,487,94,0.5849829912185669
1,0,0,2,0,36310,1,0.006984000094234943
1,0,1,2,0,0,0,0.001959000015631318
1,1,0,2,174816284,683,135,0.585237979888916
1,0,0,1,0,14551,0,0.004019000101834536
1,1,0,1,174356601,116,36,0.5572839975357056
1,0,0,2,0,9981,2,0.003594999900087714
1,0,1,2,0,1,0,0.0036460000555962324
1,1,0,2,175397714,100,31,0.5548059940338135
1,0,0,2,0,8695,2,0.0018269999418407679
1,0,1,2,0,0,0,0.0016430000541731715
1,1,0,2,174979911,352,73,0.5237699747085571
