is_inc,level,current_iter,num_iters,sum_indegree,sum_outdegree,num_vertexes,elapsed_time
0,0,0,474,0,120078990,7681164,0.6569870114326477
0,0,1,474,0,65670302,1519225,0.40560799837112427
0,0,2,474,0,16516752,628049,0.12914800643920898
0,0,3,474,0,7181939,352853,0.05638999864459038
0,0,4,474,0,3974240,202773,0.029222000390291214
0,0,5,474,0,2350059,131201,0.0291300006210804
0,0,6,474,0,1531672,98753,0.01978899911046028
0,0,7,474,0,1276495,81429,0.014042000286281109
0,0,8,474,0,973609,74552,0.010579999536275864
0,0,9,474,0,814078,58149,0.009589999914169312
0,0,10,474,0,715036,41967,0.00867099966853857
0,0,11,474,0,550345,35882,0.007583000231534243
0,0,12,474,0,474741,29430,0.006515999790281057
0,0,13,474,0,522087,24135,0.006868000142276287
0,0,14,474,0,340434,21346,0.005942999850958586
0,0,15,474,0,297068,20379,0.0056119998916983604
0,0,16,474,0,284017,15066,0.005061000119894743
0,0,17,474,0,216504,12826,0.004784999880939722
0,0,18,474,0,187361,13326,0.004960999824106693
0,0,19,474,0,318741,10396,0.005326000042259693
0,0,20,474,0,192583,7616,0.0048790001310408115
0,0,21,474,0,128972,6439,0.004104000050574541
0,0,22,474,0,112076,5880,0.004418000113219023
0,0,23,474,0,109330,5334,0.004418000113219023
0,0,24,474,0,90899,4675,0.004360000137239695
0,0,25,474,0,79109,4060,0.004224000032991171
0,0,26,474,0,77206,3695,0.004220999777317047
0,0,27,474,0,68495,2885,0.004215999972075224
0,0,28,474,0,60937,2801,0.00418699998408556
0,0,29,474,0,61860,2576,0.004164999816566706
0,0,30,474,0,56002,2222,0.004122000187635422
0,0,31,474,0,48221,1906,0.004126000218093395
0,0,32,474,0,44434,2059,0.00407399982213974
0,0,33,474,0,47832,1850,0.004127999767661095
0,0,34,474,0,46934,1572,0.004089000169187784
0,0,35,474,0,44858,1447,0.004085000138729811
0,0,36,474,0,42638,1210,0.004075000062584877
0,0,37,474,0,35121,1146,0.004035999998450279
0,0,38,474,0,32194,1093,0.004052000120282173
0,0,39,474,0,30814,1037,0.00406700000166893
0,0,40,474,0,32220,1074,0.004029000177979469
0,0,41,474,0,33317,1097,0.004031000193208456
0,0,42,474,0,35428,1079,0.003936000168323517
0,0,43,474,0,36977,1026,0.004122000187635422
0,0,44,474,0,34751,986,0.0040339999832212925
0,0,45,474,0,32975,991,0.0040870001539587975
0,0,46,474,0,32719,950,0.004036999773234129
0,0,47,474,0,31709,995,0.004091999959200621
0,0,48,474,0,33644,1019,0.004015999846160412
0,0,49,474,0,35391,1032,0.004195000045001507
0,0,50,474,0,37195,1104,0.00405499991029501
0,0,51,474,0,39803,978,0.004058999940752983
0,0,52,474,0,33657,893,0.00406600022688508
0,0,53,474,0,29692,851,0.004013000056147575
0,0,54,474,0,27854,880,0.004639000166207552
0,0,55,474,0,28028,819,0.004052000120282173
0,0,56,474,0,25738,877,0.0035979999229311943
0,0,57,474,0,28446,889,0.0043299999088048935
0,0,58,474,0,29529,782,0.003986999858170748
0,0,59,474,0,25455,717,0.00431999983265996
0,0,60,474,0,22845,637,0.0048489999026060104
0,0,61,474,0,19424,674,0.004639000166207552
0,0,62,474,0,20310,706,0.004050000105053186
0,0,63,474,0,20473,658,0.004120000172406435
0,0,64,474,0,19785,643,0.0040339999832212925
0,0,65,474,0,18604,640,0.0040870001539587975
0,0,66,474,0,18750,612,0.004064000211656094
0,0,67,474,0,18025,659,0.0040790000930428505
0,0,68,474,0,19180,624,0.004042999818921089
0,0,69,474,0,17516,566,0.004052000120282173
0,0,70,474,0,15839,519,0.004098000004887581
0,0,71,474,0,13721,472,0.004044999834150076
0,0,72,474,0,12314,507,0.0040480000898242
0,0,73,474,0,13533,489,0.0040480000898242
0,0,74,474,0,12422,466,0.004738999996334314
0,0,75,474,0,11594,370,0.003932999912649393
0,0,76,474,0,7377,341,0.006287999916821718
0,0,77,474,0,6066,326,0.005741000175476074
0,0,78,474,0,5993,324,0.004232000093907118
0,0,79,474,0,4668,306,0.006798999849706888
0,0,80,474,0,5209,339,0.005185999907553196
0,0,81,474,0,5414,347,0.0042500002309679985
0,0,82,474,0,6566,322,0.003967000171542168
0,0,83,474,0,5516,278,0.0037579999770969152
0,0,84,474,0,4537,322,0.003897000104188919
0,0,85,474,0,5941,296,0.0039079999551177025
0,0,86,474,0,4982,309,0.003911000210791826
0,0,87,474,0,5355,269,0.0038930000737309456
0,0,88,474,0,4371,247,0.0039079999551177025
0,0,89,474,0,3638,304,0.0038850000128149986
0,0,90,474,0,5918,270,0.0037609999999403954
0,0,91,474,0,3788,240,0.003907000180333853
0,0,92,474,0,3739,268,0.003924000076949596
0,0,93,474,0,4730,220,0.0039900001138448715
0,0,94,474,0,3245,256,0.003930000122636557
0,0,95,474,0,4055,228,0.0031210000161081553
0,0,96,474,0,2956,225,0.003924999851733446
0,0,97,474,0,3499,231,0.003819999983534217
0,0,98,474,0,3259,196,0.0039450000040233135
0,0,99,474,0,2374,192,0.003863000078126788
0,0,100,474,0,1985,173,0.005532999988645315
0,0,101,474,0,1710,178,0.005954999942332506
0,0,102,474,0,1754,187,0.004745000042021275
0,0,103,474,0,1728,199,0.0040339999832212925
0,0,104,474,0,1832,175,0.004114000126719475
0,0,105,474,0,1651,183,0.003963000141084194
0,0,106,474,0,1754,173,0.003920999821275473
0,0,107,474,0,1712,173,0.0038159999530762434
0,0,108,474,0,1641,182,0.003891000058501959
0,0,109,474,0,1744,179,0.0037670000456273556
0,0,110,474,0,1668,187,0.006692000199109316
0,0,111,474,0,1823,184,0.0038739999290555716
0,0,112,474,0,1583,138,0.003926000092178583
0,0,113,474,0,1177,149,0.006787000223994255
0,0,114,474,0,1449,164,0.005388000048696995
0,0,115,474,0,1572,153,0.003926999866962433
0,0,116,474,0,1511,152,0.0046190000139176846
0,0,117,474,0,1463,157,0.004585999995470047
0,0,118,474,0,1454,137,0.004029999952763319
0,0,119,474,0,1253,130,0.003986999858170748
0,0,120,474,0,1221,137,0.003938999958336353
0,0,121,474,0,1276,126,0.004064999986439943
0,0,122,474,0,1109,122,0.0039530000649392605
0,0,123,474,0,1096,134,0.004002999980002642
0,0,124,474,0,1211,108,0.004023000132292509
0,0,125,474,0,1010,119,0.00395399983972311
0,0,126,474,0,1118,121,0.003942000214010477
0,0,127,474,0,1147,118,0.0040270001627504826
0,0,128,474,0,1068,117,0.003951000049710274
0,0,129,474,0,1070,108,0.00395399983972311
0,0,130,474,0,975,107,0.003984000068157911
0,0,131,474,0,1077,116,0.003998999949544668
0,0,132,474,0,1008,98,0.003973000217229128
0,0,133,474,0,800,96,0.003978999797254801
0,0,134,474,0,914,116,0.0040270001627504826
0,0,135,474,0,1040,120,0.0040350002236664295
0,0,136,474,0,1111,107,0.004007999785244465
0,0,137,474,0,965,95,0.004007999785244465
0,0,138,474,0,824,102,0.003963999915868044
0,0,139,474,0,980,117,0.004585999995470047
0,0,140,474,0,1072,124,0.005884999874979258
0,0,141,474,0,1250,118,0.005510999821126461
0,0,142,474,0,1096,96,0.0047149998135864735
0,0,143,474,0,853,93,0.00495699979364872
0,0,144,474,0,899,114,0.005303999874740839
0,0,145,474,0,1159,98,0.00392899988219142
0,0,146,474,0,892,96,0.006283000111579895
0,0,147,474,0,811,86,0.005367999896407127
0,0,148,474,0,769,101,0.0044639999978244305
0,0,149,474,0,992,106,0.004356000106781721
0,0,150,474,0,980,95,0.004118000157177448
0,0,151,474,0,930,101,0.003922999836504459
0,0,152,474,0,901,96,0.003854000009596348
0,0,153,474,0,880,94,0.003942999988794327
0,0,154,474,0,877,97,0.003924999851733446
0,0,155,474,0,918,94,0.003848999971523881
0,0,156,474,0,886,102,0.0038789999671280384
0,0,157,474,0,985,106,0.0038769999518990517
0,0,158,474,0,1114,119,0.00573199987411499
0,0,159,474,0,1164,92,0.005468000192195177
0,0,160,474,0,917,99,0.004935999866575003
0,0,161,474,0,962,104,0.004954999778419733
0,0,162,474,0,1080,101,0.004251999780535698
0,0,163,474,0,977,93,0.003944000229239464
0,0,164,474,0,864,99,0.003907000180333853
0,0,165,474,0,917,104,0.003920999821275473
0,0,166,474,0,999,104,0.006572999991476536
0,0,167,474,0,942,97,0.004993999842554331
0,0,168,474,0,935,97,0.003926999866962433
0,0,169,474,0,831,89,0.004972999915480614
0,0,170,474,0,896,115,0.004873999860137701
0,0,171,474,0,1166,111,0.004207999911159277
0,0,172,474,0,1058,105,0.0040270001627504826
0,0,173,474,0,984,90,0.003913000226020813
0,0,174,474,0,870,102,0.003916999790817499
0,0,175,474,0,1031,109,0.004035999998450279
0,0,176,474,0,1024,102,0.005115000065416098
0,0,177,474,0,972,93,0.004563999827951193
0,0,178,474,0,842,99,0.004002999980002642
0,0,179,474,0,1011,110,0.0039820000529289246
0,0,180,474,0,1138,116,0.003957999870181084
0,0,181,474,0,1092,102,0.0039889998733997345
0,0,182,474,0,1000,102,0.003998999949544668
0,0,183,474,0,1057,112,0.004015000071376562
0,0,184,474,0,1073,101,0.00395399983972311
0,0,185,474,0,951,104,0.004062000196427107
0,0,186,474,0,905,98,0.004017999861389399
0,0,187,474,0,915,95,0.0039980001747608185
0,0,188,474,0,925,111,0.004023999907076359
0,0,189,474,0,1210,121,0.0040420000441372395
0,0,190,474,0,1153,95,0.004013999830931425
0,0,191,474,0,860,96,0.004046999849379063
0,0,192,474,0,823,88,0.004000000189989805
0,0,193,474,0,879,105,0.003963000141084194
0,0,194,474,0,994,97,0.004015999846160412
0,0,195,474,0,884,105,0.003932000137865543
0,0,196,474,0,1074,97,0.00393499992787838
0,0,197,474,0,907,105,0.006430999841541052
0,0,198,474,0,1022,96,0.005150000099092722
0,0,199,474,0,895,95,0.004430999979376793
0,0,200,474,0,883,96,0.003911999985575676
0,0,201,474,0,956,105,0.0038900000508874655
0,0,202,474,0,1005,106,0.0039090001955628395
0,0,203,474,0,1106,110,0.0038980001118034124
0,0,204,474,0,1089,101,0.0039450000040233135
0,0,205,474,0,937,100,0.003653000108897686
0,0,206,474,0,910,91,0.00406700000166893
0,0,207,474,0,890,112,0.004424999933689833
0,0,208,474,0,1011,105,0.003897000104188919
0,0,209,474,0,1012,108,0.004478000104427338
0,0,210,474,0,1116,100,0.0038689998909831047
0,0,211,474,0,993,107,0.003863000078126788
0,0,212,474,0,1026,108,0.0050479997880756855
0,0,213,474,0,1067,105,0.005049999803304672
0,0,214,474,0,1041,98,0.004586999770253897
0,0,215,474,0,940,105,0.004381999839097261
0,0,216,474,0,1036,106,0.004453000146895647
0,0,217,474,0,1142,114,0.00395399983972311
0,0,218,474,0,1157,105,0.003957999870181084
0,0,219,474,0,1096,110,0.003914000000804663
0,0,220,474,0,1050,105,0.004023999907076359
0,0,221,474,0,984,104,0.003911000210791826
0,0,222,474,0,1037,99,0.003920000046491623
0,0,223,474,0,876,97,0.004056000150740147
0,0,224,474,0,915,94,0.003965999931097031
0,0,225,474,0,893,115,0.003963000141084194
0,0,226,474,0,1073,95,0.004009999800473452
0,0,227,474,0,934,112,0.003986999858170748
0,0,228,474,0,1063,95,0.004005999770015478
0,0,229,474,0,917,105,0.003936000168323517
0,0,230,474,0,1002,97,0.004840000066906214
0,0,231,474,0,945,101,0.003994000144302845
0,0,232,474,0,952,97,0.003955999854952097
0,0,233,474,0,950,106,0.003988000098615885
0,0,234,474,0,1094,106,0.003920000046491623
0,0,235,474,0,931,95,0.003955000080168247
0,0,236,474,0,918,109,0.0040420000441372395
0,0,237,474,0,991,103,0.004000000189989805
0,0,238,474,0,983,100,0.0040480000898242
0,0,239,474,0,901,99,0.003955000080168247
0,0,240,474,0,912,99,0.0054779998026788235
0,0,241,474,0,975,102,0.005177000071853399
0,0,242,474,0,985,109,0.004763000179082155
0,0,243,474,0,1017,101,0.004302999936044216
0,0,244,474,0,946,101,0.0039900001138448715
0,0,245,474,0,851,84,0.003973000217229128
0,0,246,474,0,709,93,0.0036329999566078186
0,0,247,474,0,835,90,0.005534000229090452
0,0,248,474,0,862,78,0.004947999957948923
0,0,249,474,0,664,89,0.0046720001846551895
0,0,250,474,0,863,86,0.003900999901816249
0,0,251,474,0,785,85,0.004654999822378159
0,0,252,474,0,780,85,0.005623999983072281
0,0,253,474,0,780,83,0.004922000225633383
0,0,254,474,0,807,86,0.00459099980071187
0,0,255,474,0,852,86,0.004437000025063753
0,0,256,474,0,837,88,0.004215000197291374
0,0,257,474,0,789,61,0.003996000159531832
0,0,258,474,0,533,77,0.0040420000441372395
0,0,259,474,0,739,80,0.003988000098615885
0,0,260,474,0,748,76,0.004013000056147575
0,0,261,474,0,743,83,0.003971000202000141
0,0,262,474,0,817,78,0.004019999876618385
0,0,263,474,0,679,73,0.004013999830931425
0,0,264,474,0,676,76,0.004029000177979469
0,0,265,474,0,693,73,0.0038880000356584787
0,0,266,474,0,703,78,0.004046000074595213
0,0,267,474,0,784,86,0.003973999992012978
0,0,268,474,0,817,74,0.003994000144302845
0,0,269,474,0,680,74,0.00522099994122982
0,0,270,474,0,710,69,0.005392999853938818
0,0,271,474,0,682,78,0.00533400010317564
0,0,272,474,0,801,76,0.006331999786198139
0,0,273,474,0,799,75,0.005237000063061714
0,0,274,474,0,717,63,0.005026000086218119
0,0,275,474,0,606,70,0.003967999946326017
0,0,276,474,0,682,69,0.0038139999378472567
0,0,277,474,0,659,66,0.003951000049710274
0,0,278,474,0,625,64,0.0038469999562948942
0,0,279,474,0,648,72,0.0038399999029934406
0,0,280,474,0,714,71,0.005698000080883503
0,0,281,474,0,690,68,0.0038960000965744257
0,0,282,474,0,612,60,0.003938999958336353
0,0,283,474,0,606,77,0.00470300018787384
0,0,284,474,0,734,68,0.00506999995559454
0,0,285,474,0,605,68,0.004654999822378159
0,0,286,474,0,639,69,0.004470000043511391
0,0,287,474,0,693,73,0.004064999986439943
0,0,288,474,0,755,71,0.004027999937534332
0,0,289,474,0,671,68,0.003998999949544668
0,0,290,474,0,694,72,0.005377000197768211
0,0,291,474,0,773,74,0.005410000216215849
0,0,292,474,0,734,72,0.005452999845147133
0,0,293,474,0,711,75,0.005919999908655882
0,0,294,474,0,688,67,0.004019999876618385
0,0,295,474,0,628,61,0.0038960000965744257
0,0,296,474,0,636,68,0.003889000043272972
0,0,297,474,0,573,64,0.003863000078126788
0,0,298,474,0,529,64,0.00394799979403615
0,0,299,474,0,547,58,0.0037990000564604998
0,0,300,474,0,495,64,0.0033080000430345535
0,0,301,474,0,607,71,0.005260000005364418
0,0,302,474,0,706,73,0.005224000196903944
0,0,303,474,0,681,70,0.003874999936670065
0,0,304,474,0,675,69,0.003916999790817499
0,0,305,474,0,667,65,0.0038620000705122948
0,0,306,474,0,597,63,0.003703000023961067
0,0,307,474,0,545,65,0.003819999983534217
0,0,308,474,0,686,77,0.003754999954253435
0,0,309,474,0,675,59,0.0038799999747425318
0,0,310,474,0,555,56,0.003932999912649393
0,0,311,474,0,504,42,0.0038900000508874655
0,0,312,474,0,346,47,0.00381499994546175
0,0,313,474,0,430,46,0.00393400015309453
0,0,314,474,0,400,56,0.003926999866962433
0,0,315,474,0,526,58,0.00394099997356534
0,0,316,474,0,494,48,0.0036069999914616346
0,0,317,474,0,450,53,0.0036230001132935286
0,0,318,474,0,519,54,0.0038250000216066837
0,0,319,474,0,514,55,0.004689000081270933
0,0,320,474,0,532,54,0.0052709998562932014
0,0,321,474,0,505,50,0.005051999818533659
0,0,322,474,0,455,57,0.004784000106155872
0,0,323,474,0,544,61,0.004311999771744013
0,0,324,474,0,587,56,0.004311999771744013
0,0,325,474,0,499,60,0.004009000025689602
0,0,326,474,0,525,49,0.003957999870181084
0,0,327,474,0,450,58,0.004230999853461981
0,0,328,474,0,518,56,0.003877999959513545
0,0,329,474,0,532,59,0.003702000016346574
0,0,330,474,0,567,59,0.004007999785244465
0,0,331,474,0,498,57,0.0043739997781813145
0,0,332,474,0,585,64,0.004259999841451645
0,0,333,474,0,637,55,0.005007000174373388
0,0,334,474,0,506,63,0.004923999775201082
0,0,335,474,0,601,60,0.006169999949634075
0,0,336,474,0,555,67,0.005495999939739704
0,0,337,474,0,631,62,0.0051299999468028545
0,0,338,474,0,583,51,0.004720999859273434
0,0,339,474,0,467,54,0.0047240001149475574
0,0,340,474,0,554,68,0.004610000178217888
0,0,341,474,0,618,59,0.005526999942958355
0,0,342,474,0,556,65,0.005042000208050013
0,0,343,474,0,618,54,0.006364999804645777
0,0,344,474,0,465,57,0.005584999918937683
0,0,345,474,0,514,55,0.005413999781012535
0,0,346,474,0,464,60,0.004215000197291374
0,0,347,474,0,580,55,0.004168999847024679
0,0,348,474,0,450,45,0.00469100009649992
0,0,349,474,0,421,51,0.00546600017696619
0,0,350,474,0,479,52,0.004929000046104193
0,0,351,474,0,469,49,0.004209000151604414
0,0,352,474,0,446,50,0.004135000053793192
0,0,353,474,0,459,54,0.0038449999410659075
0,0,354,474,0,519,49,0.003860000055283308
0,0,355,474,0,504,47,0.003916999790817499
0,0,356,474,0,443,43,0.003926000092178583
0,0,357,474,0,374,46,0.003684000112116337
0,0,358,474,0,445,43,0.0037589999847114086
0,0,359,474,0,422,58,0.003734000027179718
0,0,360,474,0,503,43,0.003945999778807163
0,0,361,474,0,367,46,0.0038620000705122948
0,0,362,474,0,396,53,0.0039090001955628395
0,0,363,474,0,392,42,0.003930999897420406
0,0,364,474,0,367,44,0.003930999897420406
0,0,365,474,0,406,44,0.0038870000280439854
0,0,366,474,0,380,35,0.0039450000040233135
0,0,367,474,0,319,45,0.0039059999398887157
0,0,368,474,0,348,40,0.003926000092178583
0,0,369,474,0,381,42,0.004718000069260597
0,0,370,474,0,338,41,0.006850000005215406
0,0,371,474,0,359,40,0.005975999869406223
0,0,372,474,0,369,39,0.004881999921053648
0,0,373,474,0,345,39,0.005175999831408262
0,0,374,474,0,379,37,0.004145000129938126
0,0,375,474,0,338,30,0.0038240000139921904
0,0,376,474,0,241,41,0.007110999897122383
0,0,377,474,0,419,46,0.006070000119507313
0,0,378,474,0,438,38,0.004954999778419733
0,0,379,474,0,329,50,0.004699999932199717
0,0,380,474,0,487,44,0.0039610001258552074
0,0,381,474,0,423,44,0.0038109999150037766
0,0,382,474,0,384,41,0.00433199992403388
0,0,383,474,0,366,38,0.005156000144779682
0,0,384,474,0,402,50,0.004708999767899513
0,0,385,474,0,410,37,0.00418000016361475
0,0,386,474,0,357,50,0.004174999892711639
0,0,387,474,0,494,42,0.003891000058501959
0,0,388,474,0,378,42,0.0038620000705122948
0,0,389,474,0,407,41,0.003994999919086695
0,0,390,474,0,448,55,0.003971999976783991
0,0,391,474,0,631,52,0.00393499992787838
0,0,392,474,0,535,42,0.0039969999343156815
0,0,393,474,0,359,40,0.004007999785244465
0,0,394,474,0,338,43,0.003949999809265137
0,0,395,474,0,428,40,0.004002000205218792
0,0,396,474,0,400,47,0.004023000132292509
0,0,397,474,0,413,38,0.003882999997586012
0,0,398,474,0,331,43,0.006173999980092049
0,0,399,474,0,342,35,0.005526999942958355
0,0,400,474,0,325,40,0.005516999866813421
0,0,401,474,0,368,37,0.004172000102698803
0,0,402,474,0,330,40,0.004234999883919954
0,0,403,474,0,375,45,0.003942999988794327
0,0,404,474,0,414,47,0.0049390001222491264
0,0,405,474,0,449,44,0.005115999840199947
0,0,406,474,0,431,38,0.006523000076413155
0,0,407,474,0,375,56,0.0056039998307824135
0,0,408,474,0,640,47,0.0052109998650848866
0,0,409,474,0,456,38,0.004408000037074089
0,0,410,474,0,338,42,0.004488000180572271
0,0,411,474,0,369,37,0.004118999931961298
0,0,412,474,0,357,32,0.004013999830931425
0,0,413,474,0,282,33,0.004029999952763319
0,0,414,474,0,264,28,0.004027999937534332
0,0,415,474,0,245,34,0.004021999891847372
0,0,416,474,0,255,30,0.004064999986439943
0,0,417,474,0,274,28,0.0039980001747608185
0,0,418,474,0,266,30,0.003990999888628721
0,0,419,474,0,293,27,0.004730999935418367
0,0,420,474,0,235,22,0.005402000155299902
0,0,421,474,0,230,28,0.0042500002309679985
0,0,422,474,0,251,21,0.004668000154197216
0,0,423,474,0,167,23,0.003898999886587262
0,0,424,474,0,202,29,0.003785999957472086
0,0,425,474,0,249,20,0.003871999913826585
0,0,426,474,0,151,17,0.003872999921441078
0,0,427,474,0,138,21,0.003771000076085329
0,0,428,474,0,196,18,0.00392200006172061
0,0,429,474,0,145,15,0.006732000038027763
0,0,430,474,0,100,10,0.005888999905437231
0,0,431,474,0,87,19,0.004176000133156776
0,0,432,474,0,202,22,0.00456599984318018
0,0,433,474,0,203,23,0.003955000080168247
0,0,434,474,0,213,17,0.003926999866962433
0,0,435,474,0,149,19,0.003441999899223447
0,0,436,474,0,154,16,0.004414999857544899
0,0,437,474,0,134,15,0.004902999848127365
0,0,438,474,0,134,18,0.004912000149488449
0,0,439,474,0,158,13,0.004470000043511391
0,0,440,474,0,95,22,0.0037360000424087048
0,0,441,474,0,190,22,0.00368200009688735
0,0,442,474,0,157,13,0.003891000058501959
0,0,443,474,0,100,13,0.003720999928191304
0,0,444,474,0,102,21,0.003739000065252185
0,0,445,474,0,207,17,0.003911000210791826
0,0,446,474,0,153,18,0.003932999912649393
0,0,447,474,0,142,15,0.00380200007930398
0,0,448,474,0,128,17,0.00395399983972311
0,0,449,474,0,170,20,0.003836000105366111
0,0,450,474,0,178,18,0.0037700000684708357
0,0,451,474,0,141,13,0.0038620000705122948
0,0,452,474,0,95,17,0.003728999989107251
0,0,453,474,0,119,11,0.003848999971523881
0,0,454,474,0,85,14,0.0033319999929517508
0,0,455,474,0,107,10,0.005543999839574099
0,0,456,474,0,78,7,0.005355000030249357
0,0,457,474,0,63,11,0.004342999774962664
0,0,458,474,0,78,13,0.0038880000356584787
0,0,459,474,0,108,9,0.003922999836504459
0,0,460,474,0,85,8,0.004166000057011843
0,0,461,474,0,56,11,0.005667000077664852
0,0,462,474,0,114,8,0.005423000082373619
0,0,463,474,0,73,9,0.005253999959677458
0,0,464,474,0,84,11,0.003982999827712774
0,0,465,474,0,108,10,0.003737000050023198
0,0,466,474,0,98,9,0.003922999836504459
0,0,467,474,0,65,8,0.005518999882042408
0,0,468,474,0,64,5,0.004023999907076359
0,0,469,474,0,34,7,0.003965000156313181
0,0,470,474,0,41,3,0.003696999978274107
0,0,471,474,0,13,6,0.003949000034481287
0,0,472,474,0,58,5,0.005801000166684389
0,0,473,474,0,41,0,0.005160000175237656
0,1,0,474,467146576,462454365,12427069,3.4558908939361572
1,0,0,443,0,66581300,2170514,0.4281579852104187
1,0,1,443,0,22928253,633403,0.18241900205612183
1,0,2,443,0,6688539,268120,0.06808499991893768
1,0,3,443,0,3064477,151742,0.024945000186562538
1,0,4,443,0,1733439,104493,0.015862999483942986
1,0,5,443,0,1261137,82658,0.012892999686300755
1,0,6,443,0,897071,59116,0.010870999656617641
1,0,7,443,0,640720,33440,0.008561000227928162
1,0,8,443,0,385096,22912,0.006858000066131353
1,0,9,443,0,261320,19718,0.005973000079393387
1,0,10,443,0,231974,18518,0.005590000189840794
1,0,11,443,0,197852,17168,0.005344000179320574
1,0,12,443,0,187661,15231,0.005198999773710966
1,0,13,443,0,163014,11081,0.004964999854564667
1,0,14,443,0,117970,7118,0.004676999989897013
1,0,15,443,0,75144,5040,0.0044120000675320625
1,0,16,443,0,58724,4245,0.0042489999905228615
1,0,17,443,0,54760,4124,0.004650000017136335
1,0,18,443,0,60508,2334,0.006029999814927578
1,0,19,443,0,30320,1309,0.005026999861001968
1,0,20,443,0,16631,853,0.004722000099718571
1,0,21,443,0,11701,551,0.004474999848753214
1,0,22,443,0,7247,377,0.0038950000889599323
1,0,23,443,0,5588,283,0.003872999921441078
1,0,24,443,0,3804,199,0.006808000151067972
1,0,25,443,0,2977,194,0.004031000193208456
1,0,26,443,0,3080,158,0.004339999984949827
1,0,27,443,0,2674,192,0.004401000216603279
1,0,28,443,0,3815,135,0.003848999971523881
1,0,29,443,0,2281,132,0.003792000003159046
1,0,30,443,0,2452,136,0.0037849999498575926
1,0,31,443,0,2764,125,0.003898999886587262
1,0,32,443,0,1857,105,0.003965999931097031
1,0,33,443,0,1394,79,0.0038789999671280384
1,0,34,443,0,811,79,0.0038930000737309456
1,0,35,443,0,742,92,0.004861999768763781
1,0,36,443,0,941,77,0.007242999970912933
1,0,37,443,0,736,81,0.004925000015646219
1,0,38,443,0,763,80,0.004954000003635883
1,0,39,443,0,786,80,0.004749000072479248
1,0,40,443,0,749,78,0.003998999949544668
1,0,41,443,0,667,75,0.006111000198870897
1,0,42,443,0,659,69,0.00394099997356534
1,0,43,443,0,627,68,0.0038350000977516174
1,0,44,443,0,623,83,0.003868000116199255
1,0,45,443,0,749,75,0.0038219999987632036
1,0,46,443,0,682,79,0.004546999931335449
1,0,47,443,0,781,93,0.004931999836117029
1,0,48,443,0,876,83,0.004778000060468912
1,0,49,443,0,730,74,0.004097000230103731
1,0,50,443,0,631,68,0.0039889998733997345
1,0,51,443,0,591,72,0.004002000205218792
1,0,52,443,0,641,66,0.003992000129073858
1,0,53,443,0,613,74,0.004005999770015478
1,0,54,443,0,612,67,0.004048999864608049
1,0,55,443,0,562,52,0.004023000132292509
1,0,56,443,0,451,61,0.003889000043272972
1,0,57,443,0,595,72,0.004007000010460615
1,0,58,443,0,657,70,0.004825000185519457
1,0,59,443,0,651,63,0.00494999997317791
1,0,60,443,0,456,44,0.004865999799221754
1,0,61,443,0,381,52,0.0048699998296797276
1,0,62,443,0,536,64,0.004656000062823296
1,0,63,443,0,626,62,0.0039090001955628395
1,0,64,443,0,587,59,0.00636200001463294
1,0,65,443,0,565,65,0.005621999967843294
1,0,66,443,0,590,51,0.005175999831408262
1,0,67,443,0,439,45,0.0040870001539587975
1,0,68,443,0,400,50,0.004064000211656094
1,0,69,443,0,447,60,0.005338000133633614
1,0,70,443,0,564,43,0.004230999853461981
1,0,71,443,0,381,50,0.004501999821513891
1,0,72,443,0,452,52,0.004982999991625547
1,0,73,443,0,502,51,0.004596000071614981
1,0,74,443,0,459,39,0.004038000013679266
1,0,75,443,0,367,44,0.004292000085115433
1,0,76,443,0,399,52,0.003914000000804663
1,0,77,443,0,493,33,0.0038840000052005053
1,0,78,443,0,262,36,0.00393499992787838
1,0,79,443,0,347,44,0.004025000147521496
1,0,80,443,0,398,39,0.0038530000019818544
1,0,81,443,0,345,36,0.0037380000576376915
1,0,82,443,0,387,38,0.0038819999899715185
1,0,83,443,0,347,47,0.004038000013679266
1,0,84,443,0,372,33,0.0041970000602304935
1,0,85,443,0,269,36,0.00418600020930171
1,0,86,443,0,306,35,0.0038479999639093876
1,0,87,443,0,300,37,0.0038469999562948942
1,0,88,443,0,331,36,0.003865000093355775
1,0,89,443,0,335,43,0.003897000104188919
1,0,90,443,0,464,37,0.00393499992787838
1,0,91,443,0,323,38,0.004707000218331814
1,0,92,443,0,357,39,0.00469799991697073
1,0,93,443,0,346,38,0.004385999869555235
1,0,94,443,0,293,29,0.0038900000508874655
1,0,95,443,0,220,30,0.0038840000052005053
1,0,96,443,0,255,34,0.003780999919399619
1,0,97,443,0,288,35,0.003903999924659729
1,0,98,443,0,318,36,0.0045889997854828835
1,0,99,443,0,310,33,0.005086999852210283
1,0,100,443,0,306,38,0.004858000203967094
1,0,101,443,0,321,39,0.004093999974429607
1,0,102,443,0,373,46,0.003865000093355775
1,0,103,443,0,385,38,0.004000000189989805
1,0,104,443,0,334,38,0.003980000037699938
1,0,105,443,0,328,41,0.004007999785244465
1,0,106,443,0,363,39,0.004000999964773655
1,0,107,443,0,394,42,0.004009999800473452
1,0,108,443,0,367,33,0.004035999998450279
1,0,109,443,0,217,29,0.0039820000529289246
1,0,110,443,0,283,47,0.0039980001747608185
1,0,111,443,0,360,39,0.00405400013551116
1,0,112,443,0,306,35,0.003982999827712774
1,0,113,443,0,291,31,0.004019999876618385
1,0,114,443,0,268,29,0.004013999830931425
1,0,115,443,0,247,37,0.004036999773234129
1,0,116,443,0,330,38,0.003996000159531832
1,0,117,443,0,337,42,0.0051369997672736645
1,0,118,443,0,366,45,0.004530999809503555
1,0,119,443,0,351,38,0.005481000058352947
1,0,120,443,0,386,38,0.004401000216603279
1,0,121,443,0,303,32,0.0041069998405873775
1,0,122,443,0,289,38,0.003938000183552504
1,0,123,443,0,366,42,0.0063149998895823956
1,0,124,443,0,445,40,0.005921999923884869
1,0,125,443,0,368,30,0.005671000108122826
1,0,126,443,0,225,33,0.004610000178217888
1,0,127,443,0,223,29,0.00469199987128377
1,0,128,443,0,233,37,0.004013000056147575
1,0,129,443,0,341,36,0.0038960000965744257
1,0,130,443,0,327,41,0.005390999838709831
1,0,131,443,0,363,26,0.004044000059366226
1,0,132,443,0,217,38,0.005377000197768211
1,0,133,443,0,300,30,0.0038769999518990517
1,0,134,443,0,312,39,0.005915000103414059
1,0,135,443,0,362,33,0.005247999913990498
1,0,136,443,0,294,34,0.005119000095874071
1,0,137,443,0,278,37,0.005084000062197447
1,0,138,443,0,353,36,0.004612999968230724
1,0,139,443,0,317,44,0.00533400010317564
1,0,140,443,0,344,34,0.0049589998088777065
1,0,141,443,0,338,43,0.003863000078126788
1,0,142,443,0,456,36,0.0070580001920461655
1,0,143,443,0,326,29,0.0052709998562932014
1,0,144,443,0,232,31,0.005853000096976757
1,0,145,443,0,257,35,0.006049999967217445
1,0,146,443,0,270,26,0.005363999865949154
1,0,147,443,0,222,35,0.0059009999968111515
1,0,148,443,0,290,26,0.00442600017413497
1,0,149,443,0,188,24,0.004412999842315912
1,0,150,443,0,211,29,0.004004000220447779
1,0,151,443,0,273,25,0.003860000055283308
1,0,152,443,0,195,24,0.0038509999867528677
1,0,153,443,0,206,36,0.003819999983534217
1,0,154,443,0,319,35,0.003748999908566475
1,0,155,443,0,345,35,0.0038530000019818544
1,0,156,443,0,251,27,0.0038399999029934406
1,0,157,443,0,231,34,0.003851999994367361
1,0,158,443,0,355,32,0.005102999974042177
1,0,159,443,0,306,28,0.006231999956071377
1,0,160,443,0,266,37,0.0055229999125003815
1,0,161,443,0,359,34,0.005632000043988228
1,0,162,443,0,325,37,0.00406799977645278
1,0,163,443,0,397,37,0.003963000141084194
1,0,164,443,0,393,36,0.004676999989897013
1,0,165,443,0,277,28,0.005036999937146902
1,0,166,443,0,236,24,0.00393400015309453
1,0,167,443,0,186,28,0.0038950000889599323
1,0,168,443,0,231,38,0.003955999854952097
1,0,169,443,0,381,28,0.003737000050023198
1,0,170,443,0,250,34,0.003860000055283308
1,0,171,443,0,309,37,0.003829000052064657
1,0,172,443,0,322,34,0.003903999924659729
1,0,173,443,0,363,44,0.0038590000476688147
1,0,174,443,0,483,33,0.0037589999847114086
1,0,175,443,0,235,32,0.003840999910607934
1,0,176,443,0,290,39,0.003949999809265137
1,0,177,443,0,347,27,0.0038840000052005053
1,0,178,443,0,216,32,0.003857000032439828
1,0,179,443,0,269,30,0.003880999982357025
1,0,180,443,0,249,35,0.003911000210791826
1,0,181,443,0,366,38,0.0039450000040233135
1,0,182,443,0,367,37,0.0038930000737309456
1,0,183,443,0,285,33,0.003868000116199255
1,0,184,443,0,307,33,0.003527000080794096
1,0,185,443,0,320,24,0.0036440000403672457
1,0,186,443,0,202,25,0.005495000164955854
1,0,187,443,0,188,30,0.006283000111579895
1,0,188,443,0,215,18,0.0038880000356584787
1,0,189,443,0,138,23,0.0038799999747425318
1,0,190,443,0,211,26,0.0048870001919567585
1,0,191,443,0,234,28,0.005975000094622374
1,0,192,443,0,218,23,0.005231000017374754
1,0,193,443,0,159,20,0.007141999900341034
1,0,194,443,0,170,24,0.0063240001909434795
1,0,195,443,0,242,27,0.006783999968320131
1,0,196,443,0,283,27,0.005249000154435635
1,0,197,443,0,230,27,0.00571299996227026
1,0,198,443,0,268,21,0.004089999943971634
1,0,199,443,0,159,25,0.004106000065803528
1,0,200,443,0,196,20,0.004023999907076359
1,0,201,443,0,180,28,0.003900999901816249
1,0,202,443,0,289,30,0.00380500010214746
1,0,203,443,0,262,21,0.00392800010740757
1,0,204,443,0,180,28,0.0039470000192523
1,0,205,443,0,286,28,0.003926999866962433
1,0,206,443,0,194,15,0.003837000112980604
1,0,207,443,0,127,32,0.003916999790817499
1,0,208,443,0,322,28,0.003930999897420406
1,0,209,443,0,243,25,0.003916999790817499
1,0,210,443,0,234,29,0.0039610001258552074
1,0,211,443,0,281,26,0.003911999985575676
1,0,212,443,0,229,25,0.003942000214010477
1,0,213,443,0,256,35,0.0038689998909831047
1,0,214,443,0,373,30,0.003938000183552504
1,0,215,443,0,317,22,0.003976000007241964
1,0,216,443,0,184,14,0.0036879999097436666
1,0,217,443,0,123,18,0.003266999963670969
1,0,218,443,0,192,20,0.003869999898597598
1,0,219,443,0,224,22,0.003360999980941415
1,0,220,443,0,233,18,0.004164999816566706
1,0,221,443,0,157,17,0.0038789999671280384
1,0,222,443,0,124,16,0.0039059999398887157
1,0,223,443,0,139,15,0.0038900000508874655
1,0,224,443,0,116,12,0.0039019999094307423
1,0,225,443,0,98,16,0.003872999921441078
1,0,226,443,0,135,9,0.00393400015309453
1,0,227,443,0,50,12,0.003932999912649393
1,0,228,443,0,84,11,0.003914000000804663
1,0,229,443,0,88,16,0.0037350000347942114
1,0,230,443,0,126,14,0.0039820000529289246
1,0,231,443,0,109,15,0.0037690000608563423
1,0,232,443,0,112,18,0.0038660001009702682
1,0,233,443,0,179,18,0.0038610000628978014
1,0,234,443,0,139,16,0.003924000076949596
1,0,235,443,0,146,16,0.0039079999551177025
1,0,236,443,0,147,21,0.0036700000055134296
1,0,237,443,0,160,20,0.003932999912649393
1,0,238,443,0,180,21,0.003713000100106001
1,0,239,443,0,172,14,0.003955000080168247
1,0,240,443,0,102,15,0.003930999897420406
1,0,241,443,0,168,20,0.0037700000684708357
1,0,242,443,0,165,11,0.0038499999791383743
1,0,243,443,0,75,16,0.003845999948680401
1,0,244,443,0,115,14,0.003880999982357025
1,0,245,443,0,112,14,0.003860000055283308
1,0,246,443,0,121,18,0.0039029999170452356
1,0,247,443,0,143,17,0.003911000210791826
1,0,248,443,0,84,13,0.00343999988399446
1,0,249,443,0,104,14,0.0037400000728666782
1,0,250,443,0,99,16,0.004209999926388264
1,0,251,443,0,154,19,0.004356000106781721
1,0,252,443,0,142,22,0.004207999911159277
1,0,253,443,0,130,11,0.003963000141084194
1,0,254,443,0,61,18,0.003662999952211976
1,0,255,443,0,139,18,0.003790999995544553
1,0,256,443,0,121,12,0.003930000122636557
1,0,257,443,0,118,21,0.0038920000661164522
1,0,258,443,0,175,17,0.003659999929368496
1,0,259,443,0,132,16,0.00367600005120039
1,0,260,443,0,157,19,0.003938999958336353
1,0,261,443,0,175,17,0.0043390002101659775
1,0,262,443,0,149,17,0.004259000066667795
1,0,263,443,0,142,15,0.007044000085443258
1,0,264,443,0,127,17,0.005160999950021505
1,0,265,443,0,142,18,0.0040480000898242
1,0,266,443,0,156,15,0.004941999912261963
1,0,267,443,0,127,15,0.004490999970585108
1,0,268,443,0,136,18,0.003897000104188919
1,0,269,443,0,152,18,0.004153000190854073
1,0,270,443,0,127,14,0.003837000112980604
1,0,271,443,0,113,19,0.0057749999687075615
1,0,272,443,0,148,16,0.004918000195175409
1,0,273,443,0,108,15,0.003713000100106001
1,0,274,443,0,151,17,0.0051819998770952225
1,0,275,443,0,113,12,0.004875000100582838
1,0,276,443,0,77,10,0.003944000229239464
1,0,277,443,0,82,8,0.003938000183552504
1,0,278,443,0,91,14,0.0038159999530762434
1,0,279,443,0,162,15,0.003907000180333853
1,0,280,443,0,196,10,0.005425000097602606
1,0,281,443,0,91,9,0.005032999906688929
1,0,282,443,0,70,6,0.0038660001009702682
1,0,283,443,0,34,6,0.004796000197529793
1,0,284,443,0,59,12,0.004656999837607145
1,0,285,443,0,103,7,0.005481000058352947
1,0,286,443,0,77,13,0.0049299998208880424
1,0,287,443,0,160,11,0.0038950000889599323
1,0,288,443,0,58,5,0.0039029999170452356
1,0,289,443,0,47,10,0.006994000170379877
1,0,290,443,0,90,8,0.005464999936521053
1,0,291,443,0,71,7,0.004827999975532293
1,0,292,443,0,48,8,0.004970000125467777
1,0,293,443,0,53,9,0.005326999817043543
1,0,294,443,0,86,8,0.0049669998697936535
1,0,295,443,0,60,8,0.004217999987304211
1,0,296,443,0,70,8,0.0039980001747608185
1,0,297,443,0,77,11,0.0040259999223053455
1,0,298,443,0,87,8,0.004000000189989805
1,0,299,443,0,86,15,0.003837000112980604
1,0,300,443,0,104,9,0.004019999876618385
1,0,301,443,0,60,8,0.003969999961555004
1,0,302,443,0,72,7,0.0039969999343156815
1,0,303,443,0,60,8,0.004033000208437443
1,0,304,443,0,63,8,0.003994999919086695
1,0,305,443,0,36,7,0.0037219999358057976
1,0,306,443,0,50,7,0.00394000019878149
1,0,307,443,0,35,7,0.003914000000804663
1,0,308,443,0,58,8,0.0036979999858886003
1,0,309,443,0,74,8,0.003840999910607934
1,0,310,443,0,68,8,0.0038580000400543213
1,0,311,443,0,77,10,0.0038709999062120914
1,0,312,443,0,104,10,0.003819999983534217
1,0,313,443,0,101,9,0.004015999846160412
1,0,314,443,0,98,10,0.003992999903857708
1,0,315,443,0,80,6,0.00369199994020164
1,0,316,443,0,47,11,0.004693999886512756
1,0,317,443,0,118,14,0.005243000108748674
1,0,318,443,0,100,5,0.005197999998927116
1,0,319,443,0,47,11,0.004906000103801489
1,0,320,443,0,90,7,0.004013999830931425
1,0,321,443,0,61,7,0.003932999912649393
1,0,322,443,0,62,9,0.0037980000488460064
1,0,323,443,0,63,5,0.003880999982357025
1,0,324,443,0,40,11,0.005169999785721302
1,0,325,443,0,99,6,0.004827999975532293
1,0,326,443,0,57,11,0.005051000043749809
1,0,327,443,0,104,7,0.003976999782025814
1,0,328,443,0,54,8,0.003994000144302845
1,0,329,443,0,92,10,0.003965000156313181
1,0,330,443,0,92,8,0.004585000220686197
1,0,331,443,0,56,10,0.004401999991387129
1,0,332,443,0,113,10,0.004004000220447779
1,0,333,443,0,96,10,0.004002000205218792
1,0,334,443,0,90,9,0.004002999980002642
1,0,335,443,0,94,11,0.0039470000192523
1,0,336,443,0,102,8,0.0039519998244941235
1,0,337,443,0,67,11,0.003926999866962433
1,0,338,443,0,106,10,0.003918000031262636
1,0,339,443,0,89,9,0.003967000171542168
1,0,340,443,0,69,7,0.0039889998733997345
1,0,341,443,0,54,8,0.004013000056147575
1,0,342,443,0,70,8,0.003951000049710274
1,0,343,443,0,69,10,0.003980000037699938
1,0,344,443,0,98,9,0.003986999858170748
1,0,345,443,0,84,9,0.003920000046491623
1,0,346,443,0,82,8,0.0039470000192523
1,0,347,443,0,77,9,0.004019000101834536
1,0,348,443,0,62,5,0.004000000189989805
1,0,349,443,0,35,9,0.004007999785244465
1,0,350,443,0,87,8,0.003973999992012978
1,0,351,443,0,58,8,0.003932999912649393
1,0,352,443,0,73,7,0.004848000127822161
1,0,353,443,0,56,9,0.00596599979326129
1,0,354,443,0,59,5,0.004730000160634518
1,0,355,443,0,46,9,0.004852000158280134
1,0,356,443,0,71,8,0.004767999984323978
1,0,357,443,0,72,7,0.004780000075697899
1,0,358,443,0,46,8,0.005044999998062849
1,0,359,443,0,81,9,0.004040000028908253
1,0,360,443,0,96,9,0.0038819999899715185
1,0,361,443,0,67,7,0.003961999900639057
1,0,362,443,0,51,7,0.0038819999899715185
1,0,363,443,0,53,7,0.003920999821275473
1,0,364,443,0,63,10,0.004925000015646219
1,0,365,443,0,87,7,0.004474999848753214
1,0,366,443,0,58,8,0.004031999967992306
1,0,367,443,0,67,7,0.003969999961555004
1,0,368,443,0,57,9,0.003913000226020813
1,0,369,443,0,80,7,0.0039519998244941235
1,0,370,443,0,64,10,0.003961999900639057
1,0,371,443,0,84,8,0.004009000025689602
1,0,372,443,0,83,10,0.003992000129073858
1,0,373,443,0,73,8,0.004017999861389399
1,0,374,443,0,84,10,0.003988000098615885
1,0,375,443,0,112,11,0.003994000144302845
1,0,376,443,0,85,5,0.003918999806046486
1,0,377,443,0,23,4,0.0039049999322742224
1,0,378,443,0,26,5,0.003988000098615885
1,0,379,443,0,20,4,0.0038219999987632036
1,0,380,443,0,28,6,0.003975000232458115
1,0,381,443,0,55,11,0.004424000158905983
1,0,382,443,0,118,9,0.005735000129789114
1,0,383,443,0,79,12,0.005456999875605106
1,0,384,443,0,136,10,0.007191000040620565
1,0,385,443,0,104,10,0.0070420000702142715
1,0,386,443,0,94,9,0.005295999813824892
1,0,387,443,0,101,10,0.004941000137478113
1,0,388,443,0,67,7,0.004327999893575907
1,0,389,443,0,60,9,0.004838999826461077
1,0,390,443,0,63,10,0.006624000146985054
1,0,391,443,0,79,5,0.004226000048220158
1,0,392,443,0,40,10,0.004720999859273434
1,0,393,443,0,108,9,0.004844999872148037
1,0,394,443,0,90,9,0.004282999783754349
1,0,395,443,0,87,9,0.004191000014543533
1,0,396,443,0,71,8,0.004238999914377928
1,0,397,443,0,64,9,0.004718000069260597
1,0,398,443,0,90,7,0.0038660001009702682
1,0,399,443,0,82,13,0.00393499992787838
1,0,400,443,0,115,6,0.0038469999562948942
1,0,401,443,0,50,9,0.004269999917596579
1,0,402,443,0,34,6,0.007861999794840813
1,0,403,443,0,40,6,0.00635599996894598
1,0,404,443,0,51,10,0.00571999978274107
1,0,405,443,0,96,8,0.0046709999442100525
1,0,406,443,0,86,9,0.004290000069886446
1,0,407,443,0,52,6,0.004038999788463116
1,0,408,443,0,48,9,0.00445199990645051
1,0,409,443,0,92,11,0.005452000070363283
1,0,410,443,0,99,13,0.004739999771118164
1,0,411,443,0,141,8,0.003739000065252185
1,0,412,443,0,77,11,0.003957999870181084
1,0,413,443,0,112,8,0.006643000058829784
1,0,414,443,0,61,9,0.0055160000920295715
1,0,415,443,0,92,9,0.00445799995213747
1,0,416,443,0,111,13,0.004300999920815229
1,0,417,443,0,138,9,0.004490000195801258
1,0,418,443,0,71,7,0.0038930000737309456
1,0,419,443,0,50,8,0.006821999792009592
1,0,420,443,0,63,11,0.004846000112593174
1,0,421,443,0,94,7,0.004102000035345554
1,0,422,443,0,46,5,0.004246999975293875
1,0,423,443,0,38,8,0.004298000130802393
1,0,424,443,0,86,12,0.005824999883770943
1,0,425,443,0,137,10,0.005324999801814556
1,0,426,443,0,96,11,0.007052000146359205
1,0,427,443,0,127,12,0.00661499984562397
1,0,428,443,0,97,12,0.005760999862104654
1,0,429,443,0,88,11,0.008058000355958939
1,0,430,443,0,109,11,0.00660899979993701
1,0,431,443,0,82,9,0.005501000210642815
1,0,432,443,0,60,10,0.007151999976485968
1,0,433,443,0,66,9,0.006074000149965286
1,0,434,443,0,61,8,0.0053900000639259815
1,0,435,443,0,94,12,0.004335999954491854
1,0,436,443,0,130,9,0.004354000091552734
1,0,437,443,0,97,10,0.005679999943822622
1,0,438,443,0,107,11,0.006537000183016062
1,0,439,443,0,128,9,0.005198999773710966
1,0,440,443,0,70,8,0.004980000201612711
1,0,441,443,0,41,2,0.004007000010460615
1,0,442,443,0,1,0,0.004064000211656094
1,1,0,443,626595319,116776255,2852196,3.1677069664001465
1,0,0,278,0,85917923,2459798,0.5167660117149353
1,0,1,278,0,24538189,543014,0.1687770038843155
1,0,2,278,0,5708626,201728,0.04437499865889549
1,0,3,278,0,2222211,105265,0.01967800036072731
1,0,4,278,0,1273154,72205,0.013016000390052795
1,0,5,278,0,937314,50298,0.010212000459432602
1,0,6,278,0,582106,38546,0.007776999846100807
1,0,7,278,0,465121,29226,0.00722600007429719
1,0,8,278,0,324795,21900,0.00634300010278821
1,0,9,278,0,269425,15822,0.005803999956697226
1,0,10,278,0,161901,13479,0.005206999834626913
1,0,11,278,0,125444,9983,0.004887999966740608
1,0,12,278,0,90735,7575,0.004645000211894512
1,0,13,278,0,65777,4788,0.004459000192582607
1,0,14,278,0,47654,3115,0.004280999768525362
1,0,15,278,0,31780,2318,0.00418699998408556
1,0,16,278,0,24432,1716,0.004135999828577042
1,0,17,278,0,18489,1378,0.004033000208437443
1,0,18,278,0,15249,988,0.0040699997916817665
1,0,19,278,0,11704,894,0.005659000016748905
1,0,20,278,0,12262,811,0.005603000055998564
1,0,21,278,0,11114,553,0.00445799995213747
1,0,22,278,0,7903,426,0.003891000058501959
1,0,23,278,0,6096,340,0.004557999782264233
1,0,24,278,0,6075,260,0.0048940000124275684
1,0,25,278,0,4306,182,0.005894999951124191
1,0,26,278,0,2572,172,0.005421000067144632
1,0,27,278,0,2876,156,0.005253999959677458
1,0,28,278,0,3223,126,0.00647500017657876
1,0,29,278,0,2072,158,0.00472299987450242
1,0,30,278,0,2957,167,0.005135000217705965
1,0,31,278,0,3272,147,0.004126000218093395
1,0,32,278,0,3183,153,0.004036999773234129
1,0,33,278,0,3542,135,0.004038000013679266
1,0,34,278,0,2958,166,0.004038000013679266
1,0,35,278,0,4093,105,0.004036999773234129
1,0,36,278,0,2458,111,0.004007000010460615
1,0,37,278,0,2453,133,0.004005999770015478
1,0,38,278,0,2616,108,0.00394799979403615
1,0,39,278,0,1949,118,0.003994999919086695
1,0,40,278,0,2289,110,0.0040270001627504826
1,0,41,278,0,1910,98,0.004720000084489584
1,0,42,278,0,1707,83,0.005421000067144632
1,0,43,278,0,1261,94,0.004621000029146671
1,0,44,278,0,1435,84,0.004528000019490719
1,0,45,278,0,1246,116,0.003872999921441078
1,0,46,278,0,2096,82,0.006353999953716993
1,0,47,278,0,1128,94,0.005439000204205513
1,0,48,278,0,1507,88,0.004393000155687332
1,0,49,278,0,1441,87,0.0045460001565515995
1,0,50,278,0,1502,81,0.003930000122636557
1,0,51,278,0,1144,67,0.003957000095397234
1,0,52,278,0,869,78,0.00395999988541007
1,0,53,278,0,916,63,0.004019999876618385
1,0,54,278,0,688,54,0.003988000098615885
1,0,55,278,0,511,59,0.004017999861389399
1,0,56,278,0,558,60,0.004025000147521496
1,0,57,278,0,453,54,0.004013999830931425
1,0,58,278,0,448,48,0.0039969999343156815
1,0,59,278,0,437,63,0.004031999967992306
1,0,60,278,0,660,47,0.003990999888628721
1,0,61,278,0,397,51,0.004040999803692102
1,0,62,278,0,468,47,0.004029000177979469
1,0,63,278,0,434,50,0.0038709999062120914
1,0,64,278,0,483,53,0.005386000033468008
1,0,65,278,0,474,44,0.005444000009447336
1,0,66,278,0,431,53,0.004176000133156776
1,0,67,278,0,496,48,0.003994999919086695
1,0,68,278,0,404,48,0.004215000197291374
1,0,69,278,0,449,51,0.005336000118404627
1,0,70,278,0,431,48,0.005404999945312738
1,0,71,278,0,443,56,0.005303999874740839
1,0,72,278,0,538,53,0.004025000147521496
1,0,73,278,0,539,53,0.0039530000649392605
1,0,74,278,0,524,62,0.0039029999170452356
1,0,75,278,0,574,46,0.005452999845147133
1,0,76,278,0,389,42,0.004693000111728907
1,0,77,278,0,402,50,0.0043739997781813145
1,0,78,278,0,431,60,0.004147000145167112
1,0,79,278,0,620,57,0.004616999998688698
1,0,80,278,0,526,46,0.005582999903708696
1,0,81,278,0,435,52,0.005520000122487545
1,0,82,278,0,464,47,0.004342999774962664
1,0,83,278,0,491,67,0.004273999948054552
1,0,84,278,0,661,53,0.0039059999398887157
1,0,85,278,0,474,53,0.0040480000898242
1,0,86,278,0,584,58,0.00394799979403615
1,0,87,278,0,529,54,0.004000000189989805
1,0,88,278,0,468,41,0.003973999992012978
1,0,89,278,0,381,59,0.00395999988541007
1,0,90,278,0,573,50,0.00395999988541007
1,0,91,278,0,479,47,0.004007999785244465
1,0,92,278,0,377,42,0.0039019999094307423
1,0,93,278,0,371,50,0.0039889998733997345
1,0,94,278,0,463,48,0.003976999782025814
1,0,95,278,0,395,47,0.005510000046342611
1,0,96,278,0,420,41,0.005396000109612942
1,0,97,278,0,342,41,0.005437000188976526
1,0,98,278,0,297,41,0.00418000016361475
1,0,99,278,0,318,38,0.004286999814212322
1,0,100,278,0,269,27,0.003976000007241964
1,0,101,278,0,181,29,0.0036899999249726534
1,0,102,278,0,244,28,0.00405499991029501
1,0,103,278,0,257,35,0.003918999806046486
1,0,104,278,0,289,33,0.003924999851733446
1,0,105,278,0,317,31,0.0038389998953789473
1,0,106,278,0,251,22,0.003746999893337488
1,0,107,278,0,149,25,0.004048999864608049
1,0,108,278,0,260,32,0.004480000119656324
1,0,109,278,0,265,33,0.004623000044375658
1,0,110,278,0,322,31,0.004317999817430973
1,0,111,278,0,226,26,0.003969999961555004
1,0,112,278,0,215,24,0.00394799979403615
1,0,113,278,0,223,27,0.003751999931409955
1,0,114,278,0,244,32,0.003982999827712774
1,0,115,278,0,260,26,0.004544000141322613
1,0,116,278,0,201,23,0.006184000056236982
1,0,117,278,0,227,34,0.005359000060707331
1,0,118,278,0,424,28,0.005431999918073416
1,0,119,278,0,285,29,0.005475999787449837
1,0,120,278,0,216,17,0.005793999880552292
1,0,121,278,0,170,32,0.0053170002065598965
1,0,122,278,0,329,25,0.005311999935656786
1,0,123,278,0,251,19,0.003860000055283308
1,0,124,278,0,163,16,0.004004999995231628
1,0,125,278,0,152,19,0.00419399980455637
1,0,126,278,0,139,9,0.004722000099718571
1,0,127,278,0,50,10,0.004191000014543533
1,0,128,278,0,69,15,0.003924999851733446
1,0,129,278,0,134,18,0.0060720001347362995
1,0,130,278,0,191,22,0.005148000083863735
1,0,131,278,0,211,12,0.004674000199884176
1,0,132,278,0,83,13,0.0047889999113976955
1,0,133,278,0,95,14,0.004765999969094992
1,0,134,278,0,110,13,0.004083000123500824
1,0,135,278,0,86,10,0.004004000220447779
1,0,136,278,0,57,10,0.003955000080168247
1,0,137,278,0,90,24,0.003992999903857708
1,0,138,278,0,236,19,0.003975000232458115
1,0,139,278,0,156,17,0.0039889998733997345
1,0,140,278,0,131,15,0.004002999980002642
1,0,141,278,0,140,15,0.00392200006172061
1,0,142,278,0,133,12,0.004982999991625547
1,0,143,278,0,87,10,0.005437999963760376
1,0,144,278,0,113,23,0.0054270001128315926
1,0,145,278,0,212,14,0.0049760001711547375
1,0,146,278,0,124,16,0.004488000180572271
1,0,147,278,0,85,5,0.005359000060707331
1,0,148,278,0,63,14,0.00621100002899766
1,0,149,278,0,112,10,0.005086999852210283
1,0,150,278,0,82,13,0.0042570000514388084
1,0,151,278,0,134,12,0.004275000188499689
1,0,152,278,0,90,10,0.0038469999562948942
1,0,153,278,0,74,11,0.0038449999410659075
1,0,154,278,0,101,18,0.00623599998652935
1,0,155,278,0,184,18,0.0055160000920295715
1,0,156,278,0,170,15,0.005053000058978796
1,0,157,278,0,112,13,0.005034999921917915
1,0,158,278,0,129,19,0.004050999879837036
1,0,159,278,0,157,15,0.003973999992012978
1,0,160,278,0,147,16,0.003894000081345439
1,0,161,278,0,115,16,0.003990999888628721
1,0,162,278,0,165,18,0.0038840000052005053
1,0,163,278,0,182,19,0.004011999815702438
1,0,164,278,0,241,21,0.003994000144302845
1,0,165,278,0,251,20,0.004000000189989805
1,0,166,278,0,164,9,0.003992000129073858
1,0,167,278,0,32,3,0.004017000086605549
1,0,168,278,0,18,5,0.0048340000212192535
1,0,169,278,0,61,16,0.005400999914854765
1,0,170,278,0,147,16,0.004540000110864639
1,0,171,278,0,157,18,0.004364000167697668
1,0,172,278,0,164,15,0.0038739999290555716
1,0,173,278,0,87,7,0.006686999928206205
1,0,174,278,0,68,16,0.005173000041395426
1,0,175,278,0,136,17,0.004763999953866005
1,0,176,278,0,130,19,0.004215000197291374
1,0,177,278,0,190,15,0.004007999785244465
1,0,178,278,0,135,19,0.003980000037699938
1,0,179,278,0,170,18,0.004023999907076359
1,0,180,278,0,155,15,0.00392200006172061
1,0,181,278,0,114,18,0.004031999967992306
1,0,182,278,0,123,15,0.003978999797254801
1,0,183,278,0,135,7,0.0039610001258552074
1,0,184,278,0,64,7,0.003877999959513545
1,0,185,278,0,55,6,0.003996000159531832
1,0,186,278,0,43,6,0.004048999864608049
1,0,187,278,0,46,6,0.0039450000040233135
1,0,188,278,0,41,6,0.003994999919086695
1,0,189,278,0,48,5,0.003922999836504459
1,0,190,278,0,42,11,0.0039820000529289246
1,0,191,278,0,117,9,0.003920000046491623
1,0,192,278,0,88,10,0.004526000004261732
1,0,193,278,0,99,8,0.005444999784231186
1,0,194,278,0,79,8,0.004538999870419502
1,0,195,278,0,60,7,0.005229000002145767
1,0,196,278,0,87,8,0.004191000014543533
1,0,197,278,0,57,6,0.005413999781012535
1,0,198,278,0,54,10,0.004612000193446875
1,0,199,278,0,104,9,0.004540999885648489
1,0,200,278,0,124,15,0.004271999932825565
1,0,201,278,0,105,10,0.005014999769628048
1,0,202,278,0,122,9,0.004526999779045582
1,0,203,278,0,98,7,0.003667999990284443
1,0,204,278,0,50,5,0.0042409999296069145
1,0,205,278,0,59,10,0.0040799998678267
1,0,206,278,0,119,10,0.005016000010073185
1,0,207,278,0,107,11,0.004854000173509121
1,0,208,278,0,118,8,0.003918999806046486
1,0,209,278,0,69,8,0.004005999770015478
1,0,210,278,0,57,6,0.0039610001258552074
1,0,211,278,0,59,10,0.004213999956846237
1,0,212,278,0,81,12,0.004044000059366226
1,0,213,278,0,163,12,0.004344000015407801
1,0,214,278,0,176,13,0.003965999931097031
1,0,215,278,0,143,10,0.003994000144302845
1,0,216,278,0,64,6,0.004015999846160412
1,0,217,278,0,28,4,0.003920000046491623
1,0,218,278,0,26,7,0.003872999921441078
1,0,219,278,0,70,8,0.0038689998909831047
1,0,220,278,0,47,3,0.003916999790817499
1,0,221,278,0,36,10,0.003926000092178583
1,0,222,278,0,110,8,0.004606000147759914
1,0,223,278,0,75,8,0.0049669998697936535
1,0,224,278,0,87,10,0.00418600020930171
1,0,225,278,0,122,12,0.003932000137865543
1,0,226,278,0,106,9,0.003776000114157796
1,0,227,278,0,116,15,0.003942999988794327
1,0,228,278,0,191,9,0.003938000183552504
1,0,229,278,0,81,7,0.003911999985575676
1,0,230,278,0,67,9,0.003911000210791826
1,0,231,278,0,96,9,0.003955000080168247
1,0,232,278,0,129,16,0.00522099994122982
1,0,233,278,0,199,7,0.005377000197768211
1,0,234,278,0,57,7,0.00442600017413497
1,0,235,278,0,60,8,0.00407399982213974
1,0,236,278,0,82,8,0.004503999836742878
1,0,237,278,0,105,12,0.00468500005081296
1,0,238,278,0,129,8,0.004219000227749348
1,0,239,278,0,68,5,0.003913000226020813
1,0,240,278,0,36,8,0.005357000045478344
1,0,241,278,0,86,8,0.005402000155299902
1,0,242,278,0,86,14,0.003965999931097031
1,0,243,278,0,119,6,0.0041069998405873775
1,0,244,278,0,55,8,0.00432599987834692
1,0,245,278,0,65,5,0.004155000206083059
1,0,246,278,0,36,8,0.004025000147521496
1,0,247,278,0,67,7,0.004015000071376562
1,0,248,278,0,61,6,0.003911999985575676
1,0,249,278,0,42,5,0.003918999806046486
1,0,250,278,0,58,11,0.0037640000227838755
1,0,251,278,0,140,11,0.0038920000661164522
1,0,252,278,0,121,11,0.003774000098928809
1,0,253,278,0,114,7,0.0038689998909831047
1,0,254,278,0,44,5,0.00381199992261827
1,0,255,278,0,50,11,0.0037479999009519815
1,0,256,278,0,93,6,0.003834000090137124
1,0,257,278,0,69,13,0.0036800000816583633
1,0,258,278,0,121,5,0.0038880000356584787
1,0,259,278,0,39,7,0.00392800010740757
1,0,260,278,0,67,9,0.0030900000128895044
1,0,261,278,0,96,10,0.003780999919399619
1,0,262,278,0,112,11,0.003854000009596348
1,0,263,278,0,111,8,0.003913000226020813
1,0,264,278,0,69,8,0.003930000122636557
1,0,265,278,0,108,11,0.003826000029221177
1,0,266,278,0,92,4,0.003955000080168247
1,0,267,278,0,34,8,0.003771000076085329
1,0,268,278,0,101,13,0.0037620000075548887
1,0,269,278,0,175,15,0.003903999924659729
1,0,270,278,0,138,10,0.0037070000544190407
1,0,271,278,0,72,12,0.004637999925762415
1,0,272,278,0,111,7,0.006022000219672918
1,0,273,278,0,76,13,0.005092000123113394
1,0,274,278,0,168,9,0.005510000046342611
1,0,275,278,0,73,4,0.004095999989658594
1,0,276,278,0,13,2,0.0039019999094307423
1,0,277,278,0,3,0,0.006984000094234943
1,1,0,278,587819994,120434896,2983763,2.479628086090088
1,0,0,190,0,100598822,2524172,0.6468250155448914
1,0,1,190,0,24322907,513167,0.168613001704216
1,0,2,190,0,6338753,178475,0.04504600167274475
1,0,3,190,0,1880887,86169,0.016330000013113022
1,0,4,190,0,975974,55023,0.011265000328421593
1,0,5,190,0,671648,37796,0.008666999638080597
1,0,6,190,0,503682,34467,0.007325000129640102
1,0,7,190,0,448213,31175,0.0060720001347362995
1,0,8,190,0,436190,23646,0.006351999938488007
1,0,9,190,0,298812,17577,0.005650999955832958
1,0,10,190,0,164548,9163,0.004927000030875206
1,0,11,190,0,72331,5185,0.004404000006616116
1,0,12,190,0,40375,3541,0.004178999923169613
1,0,13,190,0,27094,2629,0.005539000034332275
1,0,14,190,0,21923,2072,0.003976999782025814
1,0,15,190,0,24835,2712,0.004209000151604414
1,0,16,190,0,38041,2912,0.005177999846637249
1,0,17,190,0,46542,3183,0.004265000112354755
1,0,18,190,0,22048,933,0.00408599991351366
1,0,19,190,0,6816,680,0.0039470000192523
1,0,20,190,0,5792,453,0.004017999861389399
1,0,21,190,0,4831,360,0.004017999861389399
1,0,22,190,0,3941,328,0.003942000214010477
1,0,23,190,0,3994,284,0.003971000202000141
1,0,24,190,0,3583,237,0.004007000010460615
1,0,25,190,0,2709,255,0.003994999919086695
1,0,26,190,0,3278,255,0.003971000202000141
1,0,27,190,0,3460,214,0.004046000074595213
1,0,28,190,0,2311,188,0.004722000099718571
1,0,29,190,0,2153,174,0.005584000144153833
1,0,30,190,0,1735,177,0.005518999882042408
1,0,31,190,0,1706,158,0.007664999924600124
1,0,32,190,0,1524,138,0.0050570000894367695
1,0,33,190,0,1479,173,0.005574999842792749
1,0,34,190,0,1855,169,0.00546099990606308
1,0,35,190,0,1622,145,0.004858000203967094
1,0,36,190,0,1418,147,0.004422999918460846
1,0,37,190,0,1525,167,0.003889000043272972
1,0,38,190,0,1652,151,0.003891000058501959
1,0,39,190,0,1379,152,0.003914000000804663
1,0,40,190,0,1439,153,0.003897000104188919
1,0,41,190,0,1487,144,0.005311999935656786
1,0,42,190,0,1499,161,0.004881000146269798
1,0,43,190,0,1629,156,0.003949000034481287
1,0,44,190,0,1455,129,0.0039059999398887157
1,0,45,190,0,1355,171,0.0038880000356584787
1,0,46,190,0,1670,143,0.0038900000508874655
1,0,47,190,0,1342,138,0.003854000009596348
1,0,48,190,0,1331,149,0.0054339999333024025
1,0,49,190,0,1469,155,0.005305000115185976
1,0,50,190,0,1498,125,0.004784999880939722
1,0,51,190,0,1292,120,0.003913000226020813
1,0,52,190,0,1252,121,0.004178000148385763
1,0,53,190,0,1196,127,0.0039029999170452356
1,0,54,190,0,1247,113,0.004401999991387129
1,0,55,190,0,1077,111,0.004126000218093395
1,0,56,190,0,1183,132,0.0037899999879300594
1,0,57,190,0,1297,98,0.003911000210791826
1,0,58,190,0,963,82,0.003914999775588512
1,0,59,190,0,720,90,0.005253000184893608
1,0,60,190,0,842,80,0.003924000076949596
1,0,61,190,0,738,103,0.0044189998880028725
1,0,62,190,0,1036,94,0.004236000124365091
1,0,63,190,0,924,96,0.004000999964773655
1,0,64,190,0,987,91,0.003986999858170748
1,0,65,190,0,828,90,0.003967999946326017
1,0,66,190,0,823,80,0.004011999815702438
1,0,67,190,0,775,87,0.004050999879837036
1,0,68,190,0,804,91,0.0040350002236664295
1,0,69,190,0,843,78,0.004004000220447779
1,0,70,190,0,778,88,0.0040270001627504826
1,0,71,190,0,891,75,0.003967999946326017
1,0,72,190,0,755,90,0.004015000071376562
1,0,73,190,0,901,76,0.004044000059366226
1,0,74,190,0,774,88,0.003976000007241964
1,0,75,190,0,867,77,0.004112999886274338
1,0,76,190,0,765,83,0.004009999800473452
1,0,77,190,0,787,82,0.004027999937534332
1,0,78,190,0,881,95,0.004021999891847372
1,0,79,190,0,1049,85,0.0039470000192523
1,0,80,190,0,858,90,0.004027999937534332
1,0,81,190,0,912,92,0.004447000101208687
1,0,82,190,0,855,89,0.00545499986037612
1,0,83,190,0,868,81,0.00470300018787384
1,0,84,190,0,785,85,0.00481799989938736
1,0,85,190,0,864,91,0.003959000110626221
1,0,86,190,0,926,86,0.005320999771356583
1,0,87,190,0,771,71,0.005382999777793884
1,0,88,190,0,695,77,0.004767000209540129
1,0,89,190,0,724,95,0.003898999886587262
1,0,90,190,0,963,91,0.003889000043272972
1,0,91,190,0,889,90,0.003961999900639057
1,0,92,190,0,949,91,0.0039369999431073666
1,0,93,190,0,921,91,0.0039530000649392605
1,0,94,190,0,1017,103,0.003996000159531832
1,0,95,190,0,1033,83,0.003963000141084194
1,0,96,190,0,777,74,0.003911999985575676
1,0,97,190,0,775,99,0.005582999903708696
1,0,98,190,0,1040,91,0.005125999916344881
1,0,99,190,0,1011,100,0.004530000034719706
1,0,100,190,0,994,88,0.004356000106781721
1,0,101,190,0,806,80,0.0038960000965744257
1,0,102,190,0,682,65,0.004925000015646219
1,0,103,190,0,650,82,0.005357000045478344
1,0,104,190,0,774,69,0.00531500019133091
1,0,105,190,0,665,83,0.004011000040918589
1,0,106,190,0,838,71,0.0038739999290555716
1,0,107,190,0,738,91,0.00394799979403615
1,0,108,190,0,978,75,0.003955999854952097
1,0,109,190,0,702,67,0.003932999912649393
1,0,110,190,0,615,73,0.003882999997586012
1,0,111,190,0,653,62,0.0038169999606907368
1,0,112,190,0,569,77,0.0037320000119507313
1,0,113,190,0,668,64,0.004381999839097261
1,0,114,190,0,563,66,0.004149999935179949
1,0,115,190,0,682,72,0.004011999815702438
1,0,116,190,0,662,72,0.003865000093355775
1,0,117,190,0,640,59,0.003889000043272972
1,0,118,190,0,541,69,0.0038640000857412815
1,0,119,190,0,677,57,0.00392800010740757
1,0,120,190,0,582,58,0.003955999854952097
1,0,121,190,0,543,54,0.0039029999170452356
1,0,122,190,0,510,56,0.003963000141084194
1,0,123,190,0,589,58,0.0038330000825226307
1,0,124,190,0,587,63,0.00381499994546175
1,0,125,190,0,625,62,0.0038419999182224274
1,0,126,190,0,539,56,0.00394799979403615
1,0,127,190,0,621,65,0.003913000226020813
1,0,128,190,0,714,71,0.003967999946326017
1,0,129,190,0,789,67,0.0037720000836998224
1,0,130,190,0,663,58,0.003920000046491623
1,0,131,190,0,518,51,0.003836000105366111
1,0,132,190,0,476,51,0.004157000221312046
1,0,133,190,0,508,58,0.00381799996830523
1,0,134,190,0,499,40,0.003971999976783991
1,0,135,190,0,374,41,0.0038469999562948942
1,0,136,190,0,432,52,0.003501000115647912
1,0,137,190,0,564,42,0.0044200001284480095
1,0,138,190,0,357,35,0.003745000110939145
1,0,139,190,0,337,50,0.0038880000356584787
1,0,140,190,0,444,40,0.003773000091314316
1,0,141,190,0,361,36,0.003886000020429492
1,0,142,190,0,293,28,0.00482999999076128
1,0,143,190,0,298,28,0.003938000183552504
1,0,144,190,0,307,33,0.004503000061959028
1,0,145,190,0,362,26,0.004267000127583742
1,0,146,190,0,198,28,0.003949000034481287
1,0,147,190,0,310,32,0.00395399983972311
1,0,148,190,0,381,38,0.003819999983534217
1,0,149,190,0,401,25,0.003800000064074993
1,0,150,190,0,262,26,0.0038789999671280384
1,0,151,190,0,241,21,0.0037899999879300594
1,0,152,190,0,209,25,0.003599999938160181
1,0,153,190,0,244,27,0.0038040000945329666
1,0,154,190,0,251,26,0.00393400015309453
1,0,155,190,0,258,27,0.0037040000315755606
1,0,156,190,0,207,24,0.0039610001258552074
1,0,157,190,0,217,25,0.003945999778807163
1,0,158,190,0,249,23,0.003909999970346689
1,0,159,190,0,206,23,0.003951000049710274
1,0,160,190,0,200,22,0.006403000093996525
1,0,161,190,0,215,25,0.005650999955832958
1,0,162,190,0,217,21,0.004978999961167574
1,0,163,190,0,168,27,0.003973999992012978
1,0,164,190,0,316,32,0.003926000092178583
1,0,165,190,0,363,24,0.004011999815702438
1,0,166,190,0,226,23,0.004009999800473452
1,0,167,190,0,186,26,0.003971999976783991
1,0,168,190,0,243,25,0.003967999946326017
1,0,169,190,0,204,25,0.003955000080168247
1,0,170,190,0,228,23,0.0039610001258552074
1,0,171,190,0,221,23,0.0038960000965744257
1,0,172,190,0,240,26,0.003951000049710274
1,0,173,190,0,278,28,0.003926000092178583
1,0,174,190,0,336,33,0.004536000080406666
1,0,175,190,0,379,27,0.004335999954491854
1,0,176,190,0,270,23,0.004298999905586243
1,0,177,190,0,203,22,0.004188999999314547
1,0,178,190,0,277,21,0.0038799999747425318
1,0,179,190,0,188,11,0.004015000071376562
1,0,180,190,0,72,11,0.004486000165343285
1,0,181,190,0,118,18,0.006426000036299229
1,0,182,190,0,181,19,0.0076870000921189785
1,0,183,190,0,190,18,0.006816999986767769
1,0,184,190,0,194,16,0.007215000223368406
1,0,185,190,0,154,24,0.005501000210642815
1,0,186,190,0,188,19,0.0050929998978972435
1,0,187,190,0,133,13,0.004362000152468681
1,0,188,190,0,110,13,0.004364999942481518
1,0,189,190,0,134,0,0.004017999861389399
1,1,0,190,567243631,121322242,3021226,2.185275077819824
1,0,0,130,0,113103684,2290083,0.5855110287666321
1,0,1,130,0,23032848,379198,0.18660099804401398
1,0,2,130,0,3607831,151494,0.040748998522758484
1,0,3,130,0,1569564,67001,0.017287999391555786
1,0,4,130,0,720358,40363,0.00952600035816431
1,0,5,130,0,467389,31094,0.00737799983471632
1,0,6,130,0,332542,24909,0.006382999941706657
1,0,7,130,0,285564,22720,0.005874000024050474
1,0,8,130,0,248135,17431,0.008090999908745289
1,0,9,130,0,179454,12800,0.007536999881267548
1,0,10,130,0,104507,9306,0.005388000048696995
1,0,11,130,0,75925,6643,0.004478000104427338
1,0,12,130,0,52148,3784,0.004259999841451645
1,0,13,130,0,33080,2718,0.0040799998678267
1,0,14,130,0,22075,1553,0.005543000064790249
1,0,15,130,0,19419,1644,0.004356000106781721
1,0,16,130,0,16517,869,0.006554999854415655
1,0,17,130,0,11154,817,0.006988999899476767
1,0,18,130,0,7322,418,0.006823000032454729
1,0,19,130,0,3584,344,0.005979999899864197
1,0,20,130,0,2207,199,0.0049149999395012856
1,0,21,130,0,1589,192,0.004645000211894512
1,0,22,130,0,1540,160,0.0044450000859797
1,0,23,130,0,1264,127,0.004356999881565571
1,0,24,130,0,838,86,0.005001000128686428
1,0,25,130,0,647,87,0.0050130002200603485
1,0,26,130,0,776,119,0.003998999949544668
1,0,27,130,0,1187,125,0.003957999870181084
1,0,28,130,0,958,134,0.003994999919086695
1,0,29,130,0,1352,211,0.0039809998124837875
1,0,30,130,0,1954,139,0.004033000208437443
1,0,31,130,0,1380,99,0.004040000028908253
1,0,32,130,0,877,71,0.003994000144302845
1,0,33,130,0,719,76,0.0039900001138448715
1,0,34,130,0,1033,74,0.004000999964773655
1,0,35,130,0,701,81,0.003845999948680401
1,0,36,130,0,724,98,0.005537999793887138
1,0,37,130,0,1160,87,0.004637000150978565
1,0,38,130,0,663,51,0.0038920000661164522
1,0,39,130,0,448,55,0.005607000086456537
1,0,40,130,0,508,46,0.0054410002194345
1,0,41,130,0,443,44,0.005408999975770712
1,0,42,130,0,413,43,0.004002000205218792
1,0,43,130,0,449,47,0.00392800010740757
1,0,44,130,0,422,33,0.003971000202000141
1,0,45,130,0,323,44,0.0039969999343156815
1,0,46,130,0,419,41,0.003951000049710274
1,0,47,130,0,387,40,0.004002000205218792
1,0,48,130,0,407,41,0.003900999901816249
1,0,49,130,0,389,38,0.003982999827712774
1,0,50,130,0,396,41,0.004009000025689602
1,0,51,130,0,426,45,0.003973000217229128
1,0,52,130,0,486,48,0.003938000183552504
1,0,53,130,0,379,37,0.004009999800473452
1,0,54,130,0,335,45,0.003969000186771154
1,0,55,130,0,440,48,0.004021000117063522
1,0,56,130,0,511,49,0.0038759999442845583
1,0,57,130,0,421,43,0.005053999833762646
1,0,58,130,0,370,35,0.004097000230103731
1,0,59,130,0,307,38,0.004000000189989805
1,0,60,130,0,367,41,0.0039160000160336494
1,0,61,130,0,405,40,0.004507000092417002
1,0,62,130,0,366,42,0.0059079998172819614
1,0,63,130,0,445,53,0.005359000060707331
1,0,64,130,0,471,42,0.0041519999504089355
1,0,65,130,0,462,48,0.0041589997708797455
1,0,66,130,0,428,36,0.004612999968230724
1,0,67,130,0,340,41,0.005448999814689159
1,0,68,130,0,387,38,0.004925999790430069
1,0,69,130,0,348,31,0.004707000218331814
1,0,70,130,0,313,35,0.005222999956458807
1,0,71,130,0,335,34,0.0054419999942183495
1,0,72,130,0,332,32,0.005456999875605106
1,0,73,130,0,292,35,0.005462999921292067
1,0,74,130,0,384,36,0.004253999795764685
1,0,75,130,0,393,38,0.004207000136375427
1,0,76,130,0,372,44,0.003986000083386898
1,0,77,130,0,377,29,0.003986999858170748
1,0,78,130,0,256,27,0.003971999976783991
1,0,79,130,0,272,18,0.004075000062584877
1,0,80,130,0,184,16,0.004009000025689602
1,0,81,130,0,170,18,0.004002999980002642
1,0,82,130,0,197,15,0.004019999876618385
1,0,83,130,0,161,17,0.004015999846160412
1,0,84,130,0,171,16,0.003996000159531832
1,0,85,130,0,169,16,0.004023999907076359
1,0,86,130,0,175,17,0.0039889998733997345
1,0,87,130,0,158,14,0.004011000040918589
1,0,88,130,0,144,16,0.004935999866575003
1,0,89,130,0,193,18,0.004025000147521496
1,0,90,130,0,192,16,0.004033000208437443
1,0,91,130,0,184,19,0.004021000117063522
1,0,92,130,0,200,16,0.004019000101834536
1,0,93,130,0,156,16,0.004009999800473452
1,0,94,130,0,165,17,0.003976000007241964
1,0,95,130,0,171,16,0.003903999924659729
1,0,96,130,0,154,9,0.003891000058501959
1,0,97,130,0,74,11,0.004038999788463116
1,0,98,130,0,96,7,0.0038960000965744257
1,0,99,130,0,77,12,0.004040000028908253
1,0,100,130,0,137,10,0.003909999970346689
1,0,101,130,0,83,10,0.004021000117063522
1,0,102,130,0,92,10,0.004009000025689602
1,0,103,130,0,80,10,0.004009000025689602
1,0,104,130,0,79,9,0.003998999949544668
1,0,105,130,0,86,12,0.004017000086605549
1,0,106,130,0,146,15,0.003998999949544668
1,0,107,130,0,153,12,0.004023000132292509
1,0,108,130,0,125,17,0.003865000093355775
1,0,109,130,0,95,11,0.005489000119268894
1,0,110,130,0,130,10,0.0054339999333024025
1,0,111,130,0,84,7,0.004007999785244465
1,0,112,130,0,63,12,0.003932000137865543
1,0,113,130,0,83,8,0.004083999898284674
1,0,114,130,0,81,13,0.00611699977889657
1,0,115,130,0,165,16,0.005537999793887138
1,0,116,130,0,195,12,0.004763000179082155
1,0,117,130,0,75,9,0.004342000000178814
1,0,118,130,0,79,13,0.00395999988541007
1,0,119,130,0,179,16,0.004013000056147575
1,0,120,130,0,149,10,0.003988000098615885
1,0,121,130,0,106,8,0.004013999830931425
1,0,122,130,0,90,9,0.003996000159531832
1,0,123,130,0,81,6,0.004015999846160412
1,0,124,130,0,56,7,0.003932000137865543
1,0,125,130,0,68,10,0.003938000183552504
1,0,126,130,0,113,9,0.0040480000898242
1,0,127,130,0,94,9,0.0039900001138448715
1,0,128,130,0,99,6,0.004730999935418367
1,0,129,130,0,27,0,0.005578000098466873
1,1,0,130,557140468,109767393,2850884,1.8635979890823364
