is_inc,level,current_iter,num_iters,sum_indegree,sum_outdegree,num_vertexes,elapsed_time
0,0,0,897,0,466281649,24637460,1.3809349536895752
0,0,1,897,0,339902376,7313363,1.1424870491027832
0,0,2,897,0,139701235,3475424,0.5391079783439636
0,0,3,897,0,70731608,2032177,0.27768999338150024
0,0,4,897,0,40510774,1375588,0.16924500465393066
0,0,5,897,0,28225224,1152562,0.1315940022468567
0,0,6,897,0,25589059,1074345,0.1142129972577095
0,0,7,897,0,22978298,942521,0.10395999997854233
0,0,8,897,0,22767099,847816,0.0989459976553917
0,0,9,897,0,19741780,904450,0.10099299997091293
0,0,10,897,0,20076611,888690,0.10079900175333023
0,0,11,897,0,21616651,817250,0.09381400048732758
0,0,12,897,0,19446442,665312,0.08906400203704834
0,0,13,897,0,15383381,605519,0.07712800055742264
0,0,14,897,0,14239962,514310,0.06798399984836578
0,0,15,897,0,12850898,484712,0.06067100167274475
0,0,16,897,0,11785532,454084,0.0545400008559227
0,0,17,897,0,10622059,374272,0.04796700179576874
0,0,18,897,0,8975486,312084,0.043375998735427856
0,0,19,897,0,7567089,277203,0.0392800010740757
0,0,20,897,0,6941780,244648,0.03803100064396858
0,0,21,897,0,5839341,203309,0.032315000891685486
0,0,22,897,0,5004107,182380,0.029575999826192856
0,0,23,897,0,4575316,134989,0.028474999591708183
0,0,24,897,0,3746355,106087,0.024589000269770622
0,0,25,897,0,3051667,88477,0.021348999813199043
0,0,26,897,0,2288136,61897,0.01838799938559532
0,0,27,897,0,1554960,44428,0.014147000387310982
0,0,28,897,0,1069271,43172,0.012055999599397182
0,0,29,897,0,1282818,39680,0.012431999668478966
0,0,30,897,0,1198310,38343,0.011543000116944313
0,0,31,897,0,1061672,23592,0.010936000384390354
0,0,32,897,0,733813,15548,0.009304000064730644
0,0,33,897,0,538819,13575,0.008515000343322754
0,0,34,897,0,449561,12051,0.007985999807715416
0,0,35,897,0,395622,10726,0.007710999809205532
0,0,36,897,0,386253,9251,0.007586000021547079
0,0,37,897,0,352811,6520,0.006862000096589327
0,0,38,897,0,296631,5851,0.007278999779373407
0,0,39,897,0,266240,5404,0.007557999808341265
0,0,40,897,0,249717,5230,0.006926999893039465
0,0,41,897,0,249069,4578,0.006792000029236078
0,0,42,897,0,210775,3813,0.00661400007084012
0,0,43,897,0,192613,3768,0.006701999809592962
0,0,44,897,0,185333,3878,0.006306999828666449
0,0,45,897,0,188779,3633,0.0068430001847445965
0,0,46,897,0,187197,3584,0.006163000129163265
0,0,47,897,0,187729,3300,0.006641999818384647
0,0,48,897,0,165453,3293,0.006771000102162361
0,0,49,897,0,162005,3319,0.00620400020852685
0,0,50,897,0,162908,2939,0.0083600003272295
0,0,51,897,0,128290,2720,0.006643000058829784
0,0,52,897,0,106872,2521,0.008256999775767326
0,0,53,897,0,93468,2511,0.006574000231921673
0,0,54,897,0,90095,2326,0.006393999792635441
0,0,55,897,0,78458,2286,0.006376999896019697
0,0,56,897,0,72493,2187,0.0058280001394450665
0,0,57,897,0,68535,2232,0.005998999811708927
0,0,58,897,0,71837,2112,0.006393000017851591
0,0,59,897,0,63824,2196,0.0062409997917711735
0,0,60,897,0,65932,2225,0.0066280001774430275
0,0,61,897,0,70236,2237,0.005615000147372484
0,0,62,897,0,71276,2233,0.006775000132620335
0,0,63,897,0,71131,2300,0.006674000062048435
0,0,64,897,0,73816,2245,0.006697999779134989
0,0,65,897,0,73458,2264,0.005807000212371349
0,0,66,897,0,73860,2285,0.0057749999687075615
0,0,67,897,0,72848,2155,0.005698000080883503
0,0,68,897,0,70556,2084,0.0058109997771680355
0,0,69,897,0,60217,2077,0.005683000199496746
0,0,70,897,0,60714,2078,0.005619000177830458
0,0,71,897,0,61863,2135,0.005801999941468239
0,0,72,897,0,67161,1938,0.005669999867677689
0,0,73,897,0,53367,1917,0.005293000023812056
0,0,74,897,0,52529,2012,0.00558099988847971
0,0,75,897,0,58398,2061,0.0056409998796880245
0,0,76,897,0,62341,2040,0.0058109997771680355
0,0,77,897,0,63368,1979,0.005652000196278095
0,0,78,897,0,58058,1896,0.006541000213474035
0,0,79,897,0,52771,1891,0.006318999920040369
0,0,80,897,0,55066,2029,0.005665999837219715
0,0,81,897,0,64626,1974,0.005582999903708696
0,0,82,897,0,61885,1935,0.00570600014179945
0,0,83,897,0,57394,1973,0.005690000019967556
0,0,84,897,0,60384,1965,0.006388999987393618
0,0,85,897,0,63083,1968,0.006603999994695187
0,0,86,897,0,64549,1867,0.006577999796718359
0,0,87,897,0,61261,1849,0.005700999870896339
0,0,88,897,0,58666,1716,0.005675999913364649
0,0,89,897,0,50392,1723,0.005518999882042408
0,0,90,897,0,48548,1706,0.005613999906927347
0,0,91,897,0,49159,1710,0.006504999939352274
0,0,92,897,0,50556,1617,0.0056130001321434975
0,0,93,897,0,44070,1579,0.006221999879926443
0,0,94,897,0,41380,1492,0.005588999949395657
0,0,95,897,0,37167,1449,0.005723999813199043
0,0,96,897,0,34993,1471,0.0057760002091526985
0,0,97,897,0,36580,1380,0.005690999794751406
0,0,98,897,0,29395,1348,0.005503000225871801
0,0,99,897,0,26945,1312,0.006175999995321035
0,0,100,897,0,27293,1342,0.006056999787688255
0,0,101,897,0,27700,1290,0.00624299980700016
0,0,102,897,0,25973,1278,0.005547000095248222
0,0,103,897,0,26346,1279,0.0064119999296963215
0,0,104,897,0,26281,1231,0.006128000095486641
0,0,105,897,0,25471,1227,0.005979999899864197
0,0,106,897,0,25062,1266,0.006039000116288662
0,0,107,897,0,26057,1231,0.005859000142663717
0,0,108,897,0,25026,1212,0.0061690001748502254
0,0,109,897,0,24614,1191,0.005671999882906675
0,0,110,897,0,24859,1218,0.0064559997990727425
0,0,111,897,0,25486,1264,0.006246999837458134
0,0,112,897,0,25968,1244,0.005963999778032303
0,0,113,897,0,25690,1218,0.006254000123590231
0,0,114,897,0,24487,1174,0.005495999939739704
0,0,115,897,0,23995,1201,0.006424000021070242
0,0,116,897,0,24415,1216,0.00558600015938282
0,0,117,897,0,24058,1201,0.006155999843031168
0,0,118,897,0,24491,1222,0.005636999849230051
0,0,119,897,0,25037,1260,0.006213999819010496
0,0,120,897,0,25483,1228,0.005656000226736069
0,0,121,897,0,25197,1183,0.005636999849230051
0,0,122,897,0,23945,1210,0.005350999999791384
0,0,123,897,0,24191,1269,0.005696999840438366
0,0,124,897,0,25404,1248,0.006049999967217445
0,0,125,897,0,25394,1193,0.0055610002018511295
0,0,126,897,0,24030,1200,0.0054419999942183495
0,0,127,897,0,23903,1128,0.005636000074446201
0,0,128,897,0,22865,1228,0.006320000160485506
0,0,129,897,0,25150,1169,0.005526999942958355
0,0,130,897,0,24170,1165,0.006357999984174967
0,0,131,897,0,24061,1105,0.005822999868541956
0,0,132,897,0,22342,1101,0.006231000181287527
0,0,133,897,0,22463,1119,0.006283999886363745
0,0,134,897,0,23254,1101,0.005907000042498112
0,0,135,897,0,22187,1097,0.00634300010278821
0,0,136,897,0,22688,1031,0.005673999898135662
0,0,137,897,0,21266,987,0.006364999804645777
0,0,138,897,0,20358,1035,0.006281000096350908
0,0,139,897,0,21735,1046,0.005406999960541725
0,0,140,897,0,21875,1001,0.005408000200986862
0,0,141,897,0,20844,1039,0.0054870001040399075
0,0,142,897,0,21132,981,0.005456999875605106
0,0,143,897,0,20730,1033,0.005652000196278095
0,0,144,897,0,21129,1007,0.006192999891936779
0,0,145,897,0,20664,1014,0.005572999827563763
0,0,146,897,0,21169,1037,0.005716000217944384
0,0,147,897,0,21610,1004,0.00559900002554059
0,0,148,897,0,21422,1033,0.006366000045090914
0,0,149,897,0,21527,972,0.005435999948531389
0,0,150,897,0,19751,980,0.006258000154048204
0,0,151,897,0,20987,994,0.005537999793887138
0,0,152,897,0,20476,969,0.006266000214964151
0,0,153,897,0,20203,991,0.0077229999005794525
0,0,154,897,0,21009,1005,0.006384000182151794
0,0,155,897,0,20927,981,0.005563999991863966
0,0,156,897,0,20698,1025,0.006407000124454498
0,0,157,897,0,21782,1028,0.006250999867916107
0,0,158,897,0,21269,982,0.005518000107258558
0,0,159,897,0,20723,970,0.005572999827563763
0,0,160,897,0,20201,961,0.005942000076174736
0,0,161,897,0,19979,972,0.005572999827563763
0,0,162,897,0,20153,965,0.005483000073581934
0,0,163,897,0,20107,934,0.00583299994468689
0,0,164,897,0,19345,959,0.005520000122487545
0,0,165,897,0,20260,943,0.005925999954342842
0,0,166,897,0,19884,900,0.00559999980032444
0,0,167,897,0,18871,931,0.006033000070601702
0,0,168,897,0,19300,899,0.0055680000223219395
0,0,169,897,0,18860,909,0.005667000077664852
0,0,170,897,0,19077,965,0.005489999894052744
0,0,171,897,0,19828,960,0.005462999921292067
0,0,172,897,0,20003,933,0.005901999771595001
0,0,173,897,0,18964,972,0.005584999918937683
0,0,174,897,0,20233,928,0.0062939999625086784
0,0,175,897,0,19344,918,0.00558099988847971
0,0,176,897,0,18767,901,0.005537000019103289
0,0,177,897,0,19013,938,0.0059079998172819614
0,0,178,897,0,19468,886,0.00635500019416213
0,0,179,897,0,18145,922,0.0056929998099803925
0,0,180,897,0,19780,922,0.006382999941706657
0,0,181,897,0,19495,907,0.005557999946177006
0,0,182,897,0,18870,894,0.006304999813437462
0,0,183,897,0,18632,886,0.005251999944448471
0,0,184,897,0,18566,871,0.006467000115662813
0,0,185,897,0,18433,840,0.00558600015938282
0,0,186,897,0,17473,860,0.006178999785333872
0,0,187,897,0,17983,860,0.0056119998916983604
0,0,188,897,0,18205,848,0.006093999836593866
0,0,189,897,0,17931,845,0.005654999986290932
0,0,190,897,0,17817,804,0.00583299994468689
0,0,191,897,0,17099,829,0.005617999937385321
0,0,192,897,0,17566,810,0.006432000081986189
0,0,193,897,0,17020,835,0.005508000031113625
0,0,194,897,0,17546,805,0.006140000186860561
0,0,195,897,0,16612,766,0.00572500005364418
0,0,196,897,0,16279,786,0.006074000149965286
0,0,197,897,0,16573,794,0.0064210002310574055
0,0,198,897,0,16825,792,0.00584500003606081
0,0,199,897,0,16994,787,0.006155000068247318
0,0,200,897,0,16730,779,0.005803000181913376
0,0,201,897,0,16322,748,0.005417999811470509
0,0,202,897,0,15937,808,0.005985999945551157
0,0,203,897,0,17205,783,0.006297000218182802
0,0,204,897,0,16734,769,0.00572599982842803
0,0,205,897,0,16246,768,0.0063229999504983425
0,0,206,897,0,16308,808,0.005501999985426664
0,0,207,897,0,17104,790,0.006411000154912472
0,0,208,897,0,16845,786,0.005539999809116125
0,0,209,897,0,16494,757,0.005437000188976526
0,0,210,897,0,16163,790,0.005822999868541956
0,0,211,897,0,16874,746,0.006523000076413155
0,0,212,897,0,15399,740,0.005652999971061945
0,0,213,897,0,15496,773,0.0061900001019239426
0,0,214,897,0,16087,755,0.005760000087320805
0,0,215,897,0,15863,775,0.006184999831020832
0,0,216,897,0,16413,748,0.005865999963134527
0,0,217,897,0,15742,745,0.005932000000029802
0,0,218,897,0,15684,724,0.006479000207036734
0,0,219,897,0,15109,737,0.005499999970197678
0,0,220,897,0,15601,741,0.0058109997771680355
0,0,221,897,0,15618,760,0.0058280001394450665
0,0,222,897,0,15959,714,0.006070000119507313
0,0,223,897,0,14742,724,0.005855000112205744
0,0,224,897,0,14920,711,0.006142000202089548
0,0,225,897,0,15035,735,0.005504000000655651
0,0,226,897,0,15339,726,0.005884000100195408
0,0,227,897,0,15312,733,0.005363999865949154
0,0,228,897,0,15537,707,0.0056489999406039715
0,0,229,897,0,14687,696,0.0055149998515844345
0,0,230,897,0,14661,723,0.005859000142663717
0,0,231,897,0,15314,712,0.006533999927341938
0,0,232,897,0,14874,719,0.0055680000223219395
0,0,233,897,0,14843,680,0.006291999947279692
0,0,234,897,0,14121,695,0.0056329998187720776
0,0,235,897,0,14553,680,0.005487999878823757
0,0,236,897,0,14314,686,0.005555999930948019
0,0,237,897,0,14490,666,0.0054410002194345
0,0,238,897,0,14138,700,0.005379000212997198
0,0,239,897,0,14986,678,0.005756000056862831
0,0,240,897,0,14475,692,0.006384999956935644
0,0,241,897,0,14463,664,0.005537000019103289
0,0,242,897,0,13922,690,0.00636899983510375
0,0,243,897,0,14660,694,0.005594000220298767
0,0,244,897,0,14764,675,0.006436000112444162
0,0,245,897,0,14187,678,0.006275000050663948
0,0,246,897,0,14274,703,0.005903000012040138
0,0,247,897,0,14640,638,0.006273999810218811
0,0,248,897,0,13427,689,0.0055970000103116035
0,0,249,897,0,14631,686,0.006281999871134758
0,0,250,897,0,14476,671,0.005530999973416328
0,0,251,897,0,14337,661,0.005617999937385321
0,0,252,897,0,14006,652,0.005458999890834093
0,0,253,897,0,13791,660,0.005541999824345112
0,0,254,897,0,14240,711,0.006134999915957451
0,0,255,897,0,15404,695,0.005619000177830458
0,0,256,897,0,14835,673,0.0062699997797608376
0,0,257,897,0,14342,671,0.005431000143289566
0,0,258,897,0,14259,706,0.0061980001628398895
0,0,259,897,0,14862,661,0.005611000116914511
0,0,260,897,0,14089,659,0.006142000202089548
0,0,261,897,0,13840,689,0.00546600017696619
0,0,262,897,0,14642,654,0.006132999900728464
0,0,263,897,0,14019,673,0.005450999829918146
0,0,264,897,0,14344,655,0.005543000064790249
0,0,265,897,0,13709,636,0.005876000039279461
0,0,266,897,0,13492,648,0.005917999893426895
0,0,267,897,0,13531,656,0.005526000168174505
0,0,268,897,0,14159,682,0.006448000203818083
0,0,269,897,0,14201,670,0.005934000015258789
0,0,270,897,0,13922,639,0.006384999956935644
0,0,271,897,0,13278,633,0.005563999991863966
0,0,272,897,0,13514,646,0.005319999996572733
0,0,273,897,0,14021,685,0.005539000034332275
0,0,274,897,0,14754,670,0.005371000152081251
0,0,275,897,0,14209,648,0.005464999936521053
0,0,276,897,0,13746,646,0.005572000052779913
0,0,277,897,0,13915,661,0.005456000100821257
0,0,278,897,0,14045,662,0.006378000136464834
0,0,279,897,0,13734,633,0.005594000220298767
0,0,280,897,0,12997,613,0.00584599981084466
0,0,281,897,0,12952,659,0.005462000146508217
0,0,282,897,0,13846,623,0.0061969999223947525
0,0,283,897,0,13113,632,0.005673999898135662
0,0,284,897,0,13396,601,0.006070000119507313
0,0,285,897,0,12671,607,0.0056039998307824135
0,0,286,897,0,12845,599,0.006248000077903271
0,0,287,897,0,12364,597,0.005555000156164169
0,0,288,897,0,12366,599,0.006490999832749367
0,0,289,897,0,12714,596,0.005404000170528889
0,0,290,897,0,12285,595,0.006419000215828419
0,0,291,897,0,12687,611,0.005656000226736069
0,0,292,897,0,13042,597,0.006173000205308199
0,0,293,897,0,12631,594,0.005625999998301268
0,0,294,897,0,12702,621,0.00635500019416213
0,0,295,897,0,13022,590,0.006087000016123056
0,0,296,897,0,12684,641,0.0059090000577270985
0,0,297,897,0,13580,590,0.006316999904811382
0,0,298,897,0,12588,604,0.005518000107258558
0,0,299,897,0,12771,584,0.006138000171631575
0,0,300,897,0,12085,592,0.005543999839574099
0,0,301,897,0,12218,588,0.005367000121623278
0,0,302,897,0,12645,623,0.005534000229090452
0,0,303,897,0,13031,603,0.005528000183403492
0,0,304,897,0,12890,599,0.006304000038653612
0,0,305,897,0,12569,589,0.005481000058352947
0,0,306,897,0,12382,587,0.005489999894052744
0,0,307,897,0,12234,569,0.005477000027894974
0,0,308,897,0,12074,589,0.00544800003990531
0,0,309,897,0,12447,549,0.006020000204443932
0,0,310,897,0,11649,606,0.005960000213235617
0,0,311,897,0,12731,597,0.006281000096350908
0,0,312,897,0,12524,563,0.005696000065654516
0,0,313,897,0,12129,610,0.006082000210881233
0,0,314,897,0,12830,549,0.005566000007092953
0,0,315,897,0,11637,612,0.005386000033468008
0,0,316,897,0,12908,605,0.005419999826699495
0,0,317,897,0,12795,563,0.00534699996933341
0,0,318,897,0,12059,600,0.0062699997797608376
0,0,319,897,0,12680,584,0.005679000169038773
0,0,320,897,0,12073,563,0.0061160000041127205
0,0,321,897,0,11499,552,0.005696999840438366
0,0,322,897,0,11431,545,0.006175999995321035
0,0,323,897,0,11421,491,0.005901999771595001
0,0,324,897,0,10286,530,0.00558099988847971
0,0,325,897,0,11172,505,0.005456000100821257
0,0,326,897,0,10654,489,0.0059830001555383205
0,0,327,897,0,10313,532,0.006186999846249819
0,0,328,897,0,11156,527,0.00584599981084466
0,0,329,897,0,11093,542,0.006206999998539686
0,0,330,897,0,11586,522,0.005634000059217215
0,0,331,897,0,10751,486,0.0062420000322163105
0,0,332,897,0,10118,516,0.0056039998307824135
0,0,333,897,0,10942,506,0.005615000147372484
0,0,334,897,0,10499,492,0.005423000082373619
0,0,335,897,0,9969,471,0.0055229999125003815
0,0,336,897,0,10178,514,0.005625999998301268
0,0,337,897,0,11001,473,0.005888999905437231
0,0,338,897,0,10153,506,0.006246000062674284
0,0,339,897,0,10849,449,0.007854999974370003
0,0,340,897,0,9181,475,0.006029999814927578
0,0,341,897,0,10058,498,0.005826999898999929
0,0,342,897,0,10211,443,0.005942999850958586
0,0,343,897,0,9180,447,0.005681999959051609
0,0,344,897,0,9499,499,0.006351999938488007
0,0,345,897,0,10743,468,0.005911999847739935
0,0,346,897,0,9878,455,0.006262999959290028
0,0,347,897,0,9732,456,0.006467000115662813
0,0,348,897,0,9591,447,0.0057379999198019505
0,0,349,897,0,9485,454,0.00646999990567565
0,0,350,897,0,9794,483,0.0065910001285374165
0,0,351,897,0,10351,469,0.005876999814063311
0,0,352,897,0,9753,452,0.00635599996894598
0,0,353,897,0,9607,462,0.0056329998187720776
0,0,354,897,0,9687,457,0.005514000076800585
0,0,355,897,0,9645,421,0.005919999908655882
0,0,356,897,0,8916,454,0.005508999805897474
0,0,357,897,0,9786,447,0.005892000161111355
0,0,358,897,0,9382,440,0.005481000058352947
0,0,359,897,0,9464,448,0.006221999879926443
0,0,360,897,0,9490,421,0.005634000059217215
0,0,361,897,0,8865,430,0.005425000097602606
0,0,362,897,0,9262,455,0.0058570001274347305
0,0,363,897,0,9778,446,0.005477000027894974
0,0,364,897,0,9440,444,0.005801999941468239
0,0,365,897,0,9315,419,0.0058109997771680355
0,0,366,897,0,8685,417,0.005944000091403723
0,0,367,897,0,8888,428,0.0054709999822080135
0,0,368,897,0,9069,432,0.006262999959290028
0,0,369,897,0,9293,421,0.005934000015258789
0,0,370,897,0,9102,455,0.00544800003990531
0,0,371,897,0,9653,408,0.005481999833136797
0,0,372,897,0,8678,419,0.0058280001394450665
0,0,373,897,0,8764,392,0.005803000181913376
0,0,374,897,0,8081,380,0.006070000119507313
0,0,375,897,0,7883,415,0.005458999890834093
0,0,376,897,0,8244,411,0.005487999878823757
0,0,377,897,0,8512,420,0.006107000168412924
0,0,378,897,0,8756,413,0.006093000061810017
0,0,379,897,0,8650,406,0.005026999861001968
0,0,380,897,0,8623,415,0.005917000118643045
0,0,381,897,0,8784,390,0.005923000164330006
0,0,382,897,0,8260,410,0.00582600012421608
0,0,383,897,0,8598,394,0.006144999992102385
0,0,384,897,0,8402,394,0.005752999801188707
0,0,385,897,0,8168,380,0.005632000043988228
0,0,386,897,0,8087,397,0.005417000036686659
0,0,387,897,0,8339,356,0.005212000105530024
0,0,388,897,0,7175,352,0.006271000020205975
0,0,389,897,0,7385,391,0.005539999809116125
0,0,390,897,0,8292,379,0.006252000108361244
0,0,391,897,0,7991,358,0.0056050000712275505
0,0,392,897,0,7693,365,0.005433000158518553
0,0,393,897,0,7780,375,0.005499000195413828
0,0,394,897,0,7992,361,0.005398999899625778
0,0,395,897,0,7500,347,0.005921000149101019
0,0,396,897,0,7165,338,0.005468999966979027
0,0,397,897,0,7090,339,0.006318999920040369
0,0,398,897,0,7229,387,0.005824999883770943
0,0,399,897,0,7826,337,0.0064210002310574055
0,0,400,897,0,7159,373,0.005582000128924847
0,0,401,897,0,7855,358,0.005377000197768211
0,0,402,897,0,7409,336,0.005452999845147133
0,0,403,897,0,7015,351,0.005381000228226185
0,0,404,897,0,7422,352,0.006093000061810017
0,0,405,897,0,7423,372,0.0053900000639259815
0,0,406,897,0,7878,330,0.005034000147134066
0,0,407,897,0,6747,326,0.005760999862104654
0,0,408,897,0,6925,363,0.005437999963760376
0,0,409,897,0,7409,348,0.005439000204205513
0,0,410,897,0,7231,349,0.006409000139683485
0,0,411,897,0,7477,371,0.005638000089675188
0,0,412,897,0,7854,356,0.005398999899625778
0,0,413,897,0,7494,340,0.005499000195413828
0,0,414,897,0,7086,362,0.005491999909281731
0,0,415,897,0,7556,336,0.005446999799460173
0,0,416,897,0,6955,359,0.005934000015258789
0,0,417,897,0,7491,360,0.0063240001909434795
0,0,418,897,0,7377,352,0.005673999898135662
0,0,419,897,0,7287,329,0.006219000089913607
0,0,420,897,0,6948,330,0.005487999878823757
0,0,421,897,0,7048,337,0.005683999974280596
0,0,422,897,0,7251,331,0.005764000117778778
0,0,423,897,0,6789,300,0.0063310000114142895
0,0,424,897,0,6341,335,0.005615999922156334
0,0,425,897,0,7174,335,0.006357999984174967
0,0,426,897,0,7230,314,0.005565000232309103
0,0,427,897,0,6700,317,0.005944000091403723
0,0,428,897,0,6683,328,0.0054870001040399075
0,0,429,897,0,6774,309,0.005367999896407127
0,0,430,897,0,6452,318,0.005541999824345112
0,0,431,897,0,6679,311,0.005594999995082617
0,0,432,897,0,6692,309,0.006041000131517649
0,0,433,897,0,6706,292,0.00548599986359477
0,0,434,897,0,6369,294,0.005388000048696995
0,0,435,897,0,6255,281,0.006163999903947115
0,0,436,897,0,6079,295,0.005543999839574099
0,0,437,897,0,6290,281,0.005770000163465738
0,0,438,897,0,6002,303,0.005568999797105789
0,0,439,897,0,6557,294,0.006051000207662582
0,0,440,897,0,6406,296,0.0054339999333024025
0,0,441,897,0,6338,289,0.005514000076800585
0,0,442,897,0,6252,277,0.0061240000650286674
0,0,443,897,0,5942,302,0.0054410002194345
0,0,444,897,0,6692,292,0.005781999789178371
0,0,445,897,0,6323,277,0.005745999980717897
0,0,446,897,0,6124,271,0.00607800018042326
0,0,447,897,0,5886,257,0.005770999938249588
0,0,448,897,0,5590,278,0.00624299980700016
0,0,449,897,0,6054,274,0.005475999787449837
0,0,450,897,0,6054,280,0.005545000080019236
0,0,451,897,0,6182,321,0.005392999853938818
0,0,452,897,0,7030,273,0.00559299997985363
0,0,453,897,0,5936,259,0.006043999921530485
0,0,454,897,0,5642,272,0.005607999861240387
0,0,455,897,0,5987,253,0.006266000214964151
0,0,456,897,0,5433,261,0.005408000200986862
0,0,457,897,0,5639,298,0.005483000073581934
0,0,458,897,0,6447,276,0.005942999850958586
0,0,459,897,0,6126,262,0.005535000003874302
0,0,460,897,0,5701,246,0.005925000179558992
0,0,461,897,0,5421,256,0.005630000028759241
0,0,462,897,0,5690,251,0.006221000105142593
0,0,463,897,0,5417,245,0.005470000207424164
0,0,464,897,0,5362,281,0.006289000157266855
0,0,465,897,0,6184,245,0.005268000066280365
0,0,466,897,0,5296,226,0.0062350002117455006
0,0,467,897,0,4879,244,0.0053460001945495605
0,0,468,897,0,5406,267,0.006093999836593866
0,0,469,897,0,5961,261,0.005534000229090452
0,0,470,897,0,5808,257,0.00547399977222085
0,0,471,897,0,5561,240,0.006031000055372715
0,0,472,897,0,5226,239,0.005462999921292067
0,0,473,897,0,5239,229,0.006422999780625105
0,0,474,897,0,5141,253,0.005439999978989363
0,0,475,897,0,5535,226,0.005396000109612942
0,0,476,897,0,4977,252,0.005535000003874302
0,0,477,897,0,5422,251,0.005456999875605106
0,0,478,897,0,5446,239,0.0054259998723864555
0,0,479,897,0,5210,220,0.00546099990606308
0,0,480,897,0,4837,224,0.005464999936521053
0,0,481,897,0,4972,239,0.005431999918073416
0,0,482,897,0,5314,233,0.005967999808490276
0,0,483,897,0,5107,231,0.005423000082373619
0,0,484,897,0,5010,226,0.005733999889343977
0,0,485,897,0,4982,214,0.005820999853312969
0,0,486,897,0,4601,202,0.005876000039279461
0,0,487,897,0,4340,222,0.005508999805897474
0,0,488,897,0,4974,221,0.0054259998723864555
0,0,489,897,0,4936,203,0.005547000095248222
0,0,490,897,0,4382,197,0.0054720002226531506
0,0,491,897,0,4283,201,0.006105000153183937
0,0,492,897,0,4454,205,0.005886999890208244
0,0,493,897,0,4533,202,0.006273999810218811
0,0,494,897,0,4409,200,0.005617000162601471
0,0,495,897,0,4391,198,0.006167000159621239
0,0,496,897,0,4380,201,0.005623000208288431
0,0,497,897,0,4318,192,0.006206999998539686
0,0,498,897,0,4163,198,0.00735899992287159
0,0,499,897,0,4286,178,0.006163000129163265
0,0,500,897,0,3833,176,0.00558099988847971
0,0,501,897,0,3794,178,0.006422999780625105
0,0,502,897,0,3971,190,0.005628999788314104
0,0,503,897,0,4237,193,0.005551000125706196
0,0,504,897,0,4238,188,0.005927999969571829
0,0,505,897,0,4149,172,0.0062489998526871204
0,0,506,897,0,3776,192,0.005446000024676323
0,0,507,897,0,4287,196,0.006023999769240618
0,0,508,897,0,4250,179,0.005942999850958586
0,0,509,897,0,3921,180,0.005541000049561262
0,0,510,897,0,3929,186,0.005330999847501516
0,0,511,897,0,4037,183,0.005524999927729368
0,0,512,897,0,4018,186,0.006318000145256519
0,0,513,897,0,4186,194,0.005570999812334776
0,0,514,897,0,4287,184,0.005644000135362148
0,0,515,897,0,4042,176,0.005840000230818987
0,0,516,897,0,3851,179,0.006136999931186438
0,0,517,897,0,3795,174,0.005781000014394522
0,0,518,897,0,3806,181,0.006353999953716993
0,0,519,897,0,4075,190,0.00559999980032444
0,0,520,897,0,4167,189,0.006016999948769808
0,0,521,897,0,4191,192,0.005673999898135662
0,0,522,897,0,4289,181,0.006051999982446432
0,0,523,897,0,3984,176,0.005330999847501516
0,0,524,897,0,3874,187,0.0055149998515844345
0,0,525,897,0,4127,176,0.006093999836593866
0,0,526,897,0,3875,180,0.005423999857157469
0,0,527,897,0,3961,178,0.00621700007468462
0,0,528,897,0,3964,187,0.005115999840199947
0,0,529,897,0,3985,164,0.006388000212609768
0,0,530,897,0,3534,173,0.005458999890834093
0,0,531,897,0,3891,193,0.0062489998526871204
0,0,532,897,0,4215,178,0.005495999939739704
0,0,533,897,0,3951,172,0.005369999911636114
0,0,534,897,0,3772,176,0.0058559998869895935
0,0,535,897,0,3874,172,0.005367000121623278
0,0,536,897,0,3818,175,0.0052109998650848866
0,0,537,897,0,3836,173,0.005894999951124191
0,0,538,897,0,3794,163,0.005472999997437
0,0,539,897,0,3634,176,0.00547399977222085
0,0,540,897,0,3865,170,0.005338999908417463
0,0,541,897,0,3774,188,0.00535999983549118
0,0,542,897,0,4191,172,0.005384999793022871
0,0,543,897,0,3737,174,0.005379000212997198
0,0,544,897,0,3900,184,0.005437000188976526
0,0,545,897,0,4095,173,0.005756999831646681
0,0,546,897,0,3804,175,0.005278000142425299
0,0,547,897,0,3893,178,0.006142999976873398
0,0,548,897,0,3929,162,0.0056039998307824135
0,0,549,897,0,3520,172,0.005404999945312738
0,0,550,897,0,3752,161,0.006132000125944614
0,0,551,897,0,3526,176,0.005535000003874302
0,0,552,897,0,3920,176,0.005386000033468008
0,0,553,897,0,3842,163,0.005402999930083752
0,0,554,897,0,3560,178,0.005665000062435865
0,0,555,897,0,3911,163,0.006142999976873398
0,0,556,897,0,3547,165,0.005464000161737204
0,0,557,897,0,3638,164,0.005696000065654516
0,0,558,897,0,3731,182,0.005963999778032303
0,0,559,897,0,3946,141,0.005400999914854765
0,0,560,897,0,3029,168,0.00545499986037612
0,0,561,897,0,3735,162,0.005634999834001064
0,0,562,897,0,3566,169,0.0061900001019239426
0,0,563,897,0,3670,152,0.005386000033468008
0,0,564,897,0,3393,180,0.005888000130653381
0,0,565,897,0,3841,137,0.00587099976837635
0,0,566,897,0,3008,169,0.006322000175714493
0,0,567,897,0,3721,151,0.005437999963760376
0,0,568,897,0,3225,140,0.005332999862730503
0,0,569,897,0,3063,158,0.006506999954581261
0,0,570,897,0,3454,149,0.006386000197380781
0,0,571,897,0,3247,162,0.005654000211507082
0,0,572,897,0,3504,142,0.00622900016605854
0,0,573,897,0,3044,153,0.005630000028759241
0,0,574,897,0,3376,162,0.006231999956071377
0,0,575,897,0,3584,169,0.005464999936521053
0,0,576,897,0,3654,136,0.0062870001420378685
0,0,577,897,0,2891,150,0.005204000044614077
0,0,578,897,0,3301,162,0.006314000114798546
0,0,579,897,0,3496,142,0.005565000232309103
0,0,580,897,0,3024,152,0.006386000197380781
0,0,581,897,0,3384,166,0.005539999809116125
0,0,582,897,0,3649,157,0.006153999827802181
0,0,583,897,0,3445,151,0.005669000092893839
0,0,584,897,0,3243,142,0.006238999776542187
0,0,585,897,0,3013,139,0.005594999995082617
0,0,586,897,0,2991,156,0.00611699977889657
0,0,587,897,0,3437,146,0.005594000220298767
0,0,588,897,0,3096,147,0.0061079999431967735
0,0,589,897,0,3145,147,0.005727999843657017
0,0,590,897,0,3165,146,0.006155000068247318
0,0,591,897,0,3200,151,0.0053900000639259815
0,0,592,897,0,3322,157,0.00624299980700016
0,0,593,897,0,3382,133,0.006397999823093414
0,0,594,897,0,2835,138,0.005867000203579664
0,0,595,897,0,3007,148,0.006415999960154295
0,0,596,897,0,3146,137,0.005582999903708696
0,0,597,897,0,2951,147,0.005475000012665987
0,0,598,897,0,3228,151,0.005847000051289797
0,0,599,897,0,3291,152,0.006391000002622604
0,0,600,897,0,3387,159,0.005319000221788883
0,0,601,897,0,3504,152,0.005357999820262194
0,0,602,897,0,3286,142,0.005888999905437231
0,0,603,897,0,3136,153,0.0054779998026788235
0,0,604,897,0,3283,136,0.005348000209778547
0,0,605,897,0,2960,146,0.005886999890208244
0,0,606,897,0,3175,149,0.005675999913364649
0,0,607,897,0,3273,146,0.005572999827563763
0,0,608,897,0,3166,143,0.005431000143289566
0,0,609,897,0,3109,149,0.0055160000920295715
0,0,610,897,0,3201,141,0.005925000179558992
0,0,611,897,0,3064,147,0.0054339999333024025
0,0,612,897,0,3241,150,0.006087999790906906
0,0,613,897,0,3274,142,0.005404999945312738
0,0,614,897,0,3110,151,0.00609799986705184
0,0,615,897,0,3279,141,0.005526999942958355
0,0,616,897,0,3128,153,0.0061610001139342785
0,0,617,897,0,3364,147,0.005841000005602837
0,0,618,897,0,3219,145,0.006167000159621239
0,0,619,897,0,3137,141,0.005518999882042408
0,0,620,897,0,3055,135,0.006045999936759472
0,0,621,897,0,2900,148,0.005537000019103289
0,0,622,897,0,3257,147,0.005468999966979027
0,0,623,897,0,3229,145,0.005392000079154968
0,0,624,897,0,3225,146,0.005468000192195177
0,0,625,897,0,3228,150,0.005375999957323074
0,0,626,897,0,3261,136,0.005348999984562397
0,0,627,897,0,2956,150,0.005927000194787979
0,0,628,897,0,3263,136,0.006312000099569559
0,0,629,897,0,2981,146,0.005452000070363283
0,0,630,897,0,3179,137,0.006136000156402588
0,0,631,897,0,2932,141,0.005894000176340342
0,0,632,897,0,3078,143,0.0053820000030100346
0,0,633,897,0,3175,151,0.0060350000858306885
0,0,634,897,0,3298,135,0.006130999885499477
0,0,635,897,0,2947,132,0.005489999894052744
0,0,636,897,0,2899,141,0.0054790000431239605
0,0,637,897,0,3066,139,0.006087000016123056
0,0,638,897,0,3100,145,0.0054410002194345
0,0,639,897,0,3194,143,0.006337999831885099
0,0,640,897,0,3138,141,0.0054419999942183495
0,0,641,897,0,3069,133,0.0062420000322163105
0,0,642,897,0,2948,142,0.005357999820262194
0,0,643,897,0,3064,131,0.006281000096350908
0,0,644,897,0,2869,138,0.005499000195413828
0,0,645,897,0,3047,141,0.0060640000738203526
0,0,646,897,0,3052,132,0.005501999985426664
0,0,647,897,0,2809,127,0.006560999900102615
0,0,648,897,0,2801,137,0.006225999910384417
0,0,649,897,0,2994,132,0.006167999934405088
0,0,650,897,0,2963,149,0.005305000115185976
0,0,651,897,0,3290,143,0.005442999769002199
0,0,652,897,0,3094,129,0.005774000193923712
0,0,653,897,0,2773,137,0.006399999838322401
0,0,654,897,0,3021,133,0.0054270001128315926
0,0,655,897,0,2856,123,0.006169999949634075
0,0,656,897,0,2686,148,0.005797000136226416
0,0,657,897,0,3262,140,0.005388000048696995
0,0,658,897,0,3098,139,0.005874000024050474
0,0,659,897,0,3104,154,0.006711000110954046
0,0,660,897,0,3397,122,0.005537999793887138
0,0,661,897,0,2637,133,0.0054779998026788235
0,0,662,897,0,2976,135,0.004858999978750944
0,0,663,897,0,2928,119,0.0053530000150203705
0,0,664,897,0,2579,124,0.005634000059217215
0,0,665,897,0,2714,135,0.005268999841064215
0,0,666,897,0,2929,120,0.005338999908417463
0,0,667,897,0,2587,129,0.005468999966979027
0,0,668,897,0,2868,131,0.006451999768614769
0,0,669,897,0,2891,120,0.005524999927729368
0,0,670,897,0,2600,124,0.0062489998526871204
0,0,671,897,0,2723,134,0.005849999841302633
0,0,672,897,0,3001,128,0.006186000071465969
0,0,673,897,0,2745,112,0.00634999992325902
0,0,674,897,0,2408,113,0.005896999966353178
0,0,675,897,0,2455,110,0.006237000226974487
0,0,676,897,0,2414,120,0.0055149998515844345
0,0,677,897,0,2611,115,0.005528999958187342
0,0,678,897,0,2492,115,0.00596599979326129
0,0,679,897,0,2534,122,0.005888999905437231
0,0,680,897,0,2715,115,0.005948999896645546
0,0,681,897,0,2547,117,0.005969999823719263
0,0,682,897,0,2609,108,0.005342999938875437
0,0,683,897,0,2362,101,0.00547399977222085
0,0,684,897,0,2195,103,0.0058639999479055405
0,0,685,897,0,2249,112,0.005206999834626913
0,0,686,897,0,2364,88,0.005311999935656786
0,0,687,897,0,1874,110,0.006453000009059906
0,0,688,897,0,2432,111,0.005516999866813421
0,0,689,897,0,2417,106,0.006058999802917242
0,0,690,897,0,2316,102,0.005402000155299902
0,0,691,897,0,2241,110,0.0058559998869895935
0,0,692,897,0,2408,102,0.005433000158518553
0,0,693,897,0,2226,95,0.005458000116050243
0,0,694,897,0,2045,105,0.005431999918073416
0,0,695,897,0,2294,101,0.005789999850094318
0,0,696,897,0,2208,110,0.005621000193059444
0,0,697,897,0,2440,104,0.005442999769002199
0,0,698,897,0,2305,111,0.005721000023186207
0,0,699,897,0,2445,104,0.006136000156402588
0,0,700,897,0,2311,112,0.0056039998307824135
0,0,701,897,0,2554,118,0.005371000152081251
0,0,702,897,0,2647,111,0.005417000036686659
0,0,703,897,0,2393,100,0.005373000167310238
0,0,704,897,0,2216,109,0.005363999865949154
0,0,705,897,0,2339,92,0.004970999900251627
0,0,706,897,0,1952,94,0.006202999968081713
0,0,707,897,0,2074,108,0.0061980001628398895
0,0,708,897,0,2425,109,0.005934000015258789
0,0,709,897,0,2393,106,0.006291999947279692
0,0,710,897,0,2331,104,0.0055240001529455185
0,0,711,897,0,2275,114,0.005429000128060579
0,0,712,897,0,2509,100,0.005481999833136797
0,0,713,897,0,2146,95,0.005144000053405762
0,0,714,897,0,2065,112,0.005373999942094088
0,0,715,897,0,2465,104,0.006147000007331371
0,0,716,897,0,2300,105,0.005408000200986862
0,0,717,897,0,2307,112,0.006221000105142593
0,0,718,897,0,2465,94,0.005379000212997198
0,0,719,897,0,2032,104,0.005913000088185072
0,0,720,897,0,2297,110,0.005284000188112259
0,0,721,897,0,2462,110,0.005303000099956989
0,0,722,897,0,2452,112,0.006165000144392252
0,0,723,897,0,2480,105,0.005708000157028437
0,0,724,897,0,2252,95,0.006326000206172466
0,0,725,897,0,2103,110,0.005410999990999699
0,0,726,897,0,2427,102,0.0054270001128315926
0,0,727,897,0,2267,106,0.005303999874740839
0,0,728,897,0,2320,105,0.005450999829918146
0,0,729,897,0,2317,110,0.005475000012665987
0,0,730,897,0,2436,111,0.006095000077039003
0,0,731,897,0,2469,113,0.005423999857157469
0,0,732,897,0,2521,111,0.006200999952852726
0,0,733,897,0,2447,102,0.005572000052779913
0,0,734,897,0,2262,112,0.0055320002138614655
0,0,735,897,0,2483,106,0.0053610000759363174
0,0,736,897,0,2366,113,0.005429999902844429
0,0,737,897,0,2446,102,0.005413999781012535
0,0,738,897,0,2226,101,0.005379999987781048
0,0,739,897,0,2245,117,0.0057310000993311405
0,0,740,897,0,2608,102,0.005392000079154968
0,0,741,897,0,2227,104,0.005940000060945749
0,0,742,897,0,2279,105,0.0056489999406039715
0,0,743,897,0,2289,103,0.006080999970436096
0,0,744,897,0,2257,99,0.007716999854892492
0,0,745,897,0,2146,106,0.006256999913603067
0,0,746,897,0,2344,104,0.005878999829292297
0,0,747,897,0,2273,104,0.006293000187724829
0,0,748,897,0,2287,111,0.005514000076800585
0,0,749,897,0,2519,123,0.006076000165194273
0,0,750,897,0,2813,112,0.0051369997672736645
0,0,751,897,0,2453,109,0.006169999949634075
0,0,752,897,0,2480,115,0.005615000147372484
0,0,753,897,0,2530,101,0.006167999934405088
0,0,754,897,0,2224,108,0.005572999827563763
0,0,755,897,0,2363,102,0.00634300010278821
0,0,756,897,0,2272,108,0.0055669997818768024
0,0,757,897,0,2379,110,0.0061519998125731945
0,0,758,897,0,2407,103,0.005623000208288431
0,0,759,897,0,2340,118,0.006308999843895435
0,0,760,897,0,2638,104,0.005574999842792749
0,0,761,897,0,2260,91,0.006320000160485506
0,0,762,897,0,2014,106,0.005772000178694725
0,0,763,897,0,2346,99,0.0059739998541772366
0,0,764,897,0,2185,99,0.005518999882042408
0,0,765,897,0,2197,101,0.005456999875605106
0,0,766,897,0,2210,96,0.005431000143289566
0,0,767,897,0,2088,95,0.005625999998301268
0,0,768,897,0,2092,98,0.005452000070363283
0,0,769,897,0,2152,95,0.005950000137090683
0,0,770,897,0,2078,91,0.006320999935269356
0,0,771,897,0,2004,96,0.00545499986037612
0,0,772,897,0,2095,81,0.006430000066757202
0,0,773,897,0,1686,80,0.005419000051915646
0,0,774,897,0,1793,97,0.005772999953478575
0,0,775,897,0,2177,90,0.0054870001040399075
0,0,776,897,0,1983,78,0.0058280001394450665
0,0,777,897,0,1680,87,0.00572599982842803
0,0,778,897,0,1853,68,0.005342000164091587
0,0,779,897,0,1483,81,0.005425000097602606
0,0,780,897,0,1803,82,0.006043999921530485
0,0,781,897,0,1775,73,0.005448999814689159
0,0,782,897,0,1616,81,0.006175999995321035
0,0,783,897,0,1763,74,0.005491000134497881
0,0,784,897,0,1595,77,0.006136000156402588
0,0,785,897,0,1678,75,0.005617999937385321
0,0,786,897,0,1639,76,0.005503000225871801
0,0,787,897,0,1631,77,0.005508000031113625
0,0,788,897,0,1724,89,0.005394000094383955
0,0,789,897,0,1988,78,0.0055669997818768024
0,0,790,897,0,1719,82,0.006000999826937914
0,0,791,897,0,1823,77,0.007071000058203936
0,0,792,897,0,1641,71,0.007160999812185764
0,0,793,897,0,1525,72,0.0054790000431239605
0,0,794,897,0,1598,88,0.005601999815553427
0,0,795,897,0,1956,76,0.005638000089675188
0,0,796,897,0,1610,64,0.006049000192433596
0,0,797,897,0,1367,84,0.005520000122487545
0,0,798,897,0,1854,75,0.006316000130027533
0,0,799,897,0,1663,87,0.0055959997698664665
0,0,800,897,0,1946,76,0.006122000049799681
0,0,801,897,0,1623,76,0.005520000122487545
0,0,802,897,0,1697,80,0.005365999881178141
0,0,803,897,0,1753,78,0.0053530000150203705
0,0,804,897,0,1675,69,0.005630999803543091
0,0,805,897,0,1474,76,0.00648199999704957
0,0,806,897,0,1680,81,0.0055149998515844345
0,0,807,897,0,1839,89,0.006252000108361244
0,0,808,897,0,1990,84,0.005493000149726868
0,0,809,897,0,1896,86,0.005646999925374985
0,0,810,897,0,1904,80,0.00583200016990304
0,0,811,897,0,1739,72,0.006417999975383282
0,0,812,897,0,1559,74,0.00558699993416667
0,0,813,897,0,1630,82,0.006128999870270491
0,0,814,897,0,1893,97,0.005501999985426664
0,0,815,897,0,2146,68,0.006260000169277191
0,0,816,897,0,1431,77,0.005408000200986862
0,0,817,897,0,1714,83,0.006312999874353409
0,0,818,897,0,1792,68,0.0050940001383423805
0,0,819,897,0,1480,74,0.005342000164091587
0,0,820,897,0,1615,67,0.005462000146508217
0,0,821,897,0,1477,71,0.005907000042498112
0,0,822,897,0,1558,60,0.006275000050663948
0,0,823,897,0,1309,70,0.006134999915957451
0,0,824,897,0,1565,63,0.005501999985426664
0,0,825,897,0,1401,77,0.005733000114560127
0,0,826,897,0,1758,72,0.006498999893665314
0,0,827,897,0,1605,66,0.005582999903708696
0,0,828,897,0,1483,71,0.006132999900728464
0,0,829,897,0,1552,62,0.0057230000384151936
0,0,830,897,0,1305,57,0.006157000083476305
0,0,831,897,0,1204,54,0.0055519999004900455
0,0,832,897,0,1160,69,0.0060640000738203526
0,0,833,897,0,1565,71,0.0056059998460114
0,0,834,897,0,1636,67,0.0054419999942183495
0,0,835,897,0,1477,61,0.005743999965488911
0,0,836,897,0,1345,57,0.006554999854415655
0,0,837,897,0,1232,54,0.005545999854803085
0,0,838,897,0,1185,47,0.005791000090539455
0,0,839,897,0,999,49,0.005778999999165535
0,0,840,897,0,1114,62,0.006126999855041504
0,0,841,897,0,1365,51,0.005861999932676554
0,0,842,897,0,1107,52,0.005963999778032303
0,0,843,897,0,1153,54,0.005543999839574099
0,0,844,897,0,1158,47,0.0064050001092255116
0,0,845,897,0,1070,50,0.005565000232309103
0,0,846,897,0,1140,53,0.006382999941706657
0,0,847,897,0,1203,55,0.005481999833136797
0,0,848,897,0,1240,46,0.0064050001092255116
0,0,849,897,0,1002,47,0.005743999965488911
0,0,850,897,0,1018,41,0.005439000204205513
0,0,851,897,0,879,44,0.005501999985426664
0,0,852,897,0,1019,56,0.006066999863833189
0,0,853,897,0,1227,47,0.005350999999791384
0,0,854,897,0,1033,43,0.007470000069588423
0,0,855,897,0,960,52,0.006029000040143728
0,0,856,897,0,1137,40,0.005834000185132027
0,0,857,897,0,895,40,0.006238000001758337
0,0,858,897,0,877,37,0.005251000169664621
0,0,859,897,0,821,44,0.005967999808490276
0,0,860,897,0,1005,42,0.005934999790042639
0,0,861,897,0,933,40,0.005501000210642815
0,0,862,897,0,894,42,0.00546600017696619
0,0,863,897,0,894,29,0.005797000136226416
0,0,864,897,0,620,31,0.006157000083476305
0,0,865,897,0,687,32,0.005677000153809786
0,0,866,897,0,767,46,0.0061039999127388
0,0,867,897,0,1073,39,0.005518999882042408
0,0,868,897,0,868,35,0.005520000122487545
0,0,869,897,0,781,36,0.005342999938875437
0,0,870,897,0,774,20,0.005373999942094088
0,0,871,897,0,422,24,0.0064409999176859856
0,0,872,897,0,537,29,0.0062870001420378685
0,0,873,897,0,627,25,0.005901999771595001
0,0,874,897,0,527,22,0.006260999944061041
0,0,875,897,0,486,34,0.0058570001274347305
0,0,876,897,0,787,23,0.006295999977737665
0,0,877,897,0,524,23,0.005468999966979027
0,0,878,897,0,529,26,0.006461000069975853
0,0,879,897,0,610,23,0.005535999778658152
0,0,880,897,0,519,21,0.006422999780625105
0,0,881,897,0,472,20,0.005510999821126461
0,0,882,897,0,448,18,0.006176999770104885
0,0,883,897,0,389,19,0.005539000034332275
0,0,884,897,0,408,19,0.006370000075548887
0,0,885,897,0,418,17,0.0053900000639259815
0,0,886,897,0,391,23,0.006194000132381916
0,0,887,897,0,508,16,0.005499000195413828
0,0,888,897,0,360,13,0.00533499987795949
0,0,889,897,0,283,14,0.006016999948769808
0,0,890,897,0,293,4,0.005563000217080116
0,0,891,897,0,73,3,0.005326999817043543
0,0,892,897,0,66,7,0.005375999957323074
0,0,893,897,0,150,6,0.005452999845147133
0,0,894,897,0,117,4,0.006136999931186438
0,0,895,897,0,88,8,0.005452000070363283
0,0,896,897,0,164,0,0.006291999947279692
0,1,0,897,923899762,924709343,24797482,10.15691089630127
1,0,0,136,0,383619852,9921764,1.246852993965149
1,0,1,136,0,171631562,3034186,0.6207849979400635
1,0,2,136,0,55060146,1313483,0.24364300072193146
1,0,3,136,0,24908737,742057,0.1301330029964447
1,0,4,136,0,12403577,439285,0.06830800324678421
1,0,5,136,0,7510305,271428,0.04786999896168709
1,0,6,136,0,4889244,199556,0.034400999546051025
1,0,7,136,0,3193701,145029,0.02815599925816059
1,0,8,136,0,2391129,108401,0.02204900048673153
1,0,9,136,0,1972771,88101,0.01985500007867813
1,0,10,136,0,1784321,75951,0.01679600030183792
1,0,11,136,0,1294352,58104,0.012616000138223171
1,0,12,136,0,1015887,55396,0.012388999573886395
1,0,13,136,0,1192824,45477,0.012485000304877758
1,0,14,136,0,1047812,23080,0.011506999842822552
1,0,15,136,0,493384,15019,0.0077309999614953995
1,0,16,136,0,290488,7943,0.007726000156253576
1,0,17,136,0,136355,9332,0.006525999866425991
1,0,18,136,0,183520,6416,0.00647599995136261
1,0,19,136,0,127101,3622,0.006298999767750502
1,0,20,136,0,81208,2635,0.006812000181525946
1,0,21,136,0,50318,1909,0.005874000024050474
1,0,22,136,0,46051,1516,0.005716999992728233
1,0,23,136,0,44415,1219,0.005859999917447567
1,0,24,136,0,33377,1011,0.005673000123351812
1,0,25,136,0,35243,909,0.005640000104904175
1,0,26,136,0,26892,717,0.00711200013756752
1,0,27,136,0,27744,542,0.0057390001602470875
1,0,28,136,0,16194,473,0.0056929998099803925
1,0,29,136,0,16458,489,0.006298999767750502
1,0,30,136,0,17034,385,0.005594000220298767
1,0,31,136,0,13815,239,0.005619000177830458
1,0,32,136,0,7973,302,0.005869999993592501
1,0,33,136,0,9207,419,0.006159000098705292
1,0,34,136,0,13638,396,0.005617000162601471
1,0,35,136,0,13855,381,0.005398999899625778
1,0,36,136,0,12256,248,0.005516999866813421
1,0,37,136,0,7347,279,0.005528999958187342
1,0,38,136,0,8656,276,0.00623599998652935
1,0,39,136,0,10183,275,0.005584000144153833
1,0,40,136,0,11836,221,0.0064849997870624065
1,0,41,136,0,10762,264,0.007340000011026859
1,0,42,136,0,12714,196,0.006107000168412924
1,0,43,136,0,6933,154,0.005836999975144863
1,0,44,136,0,5448,174,0.006378000136464834
1,0,45,136,0,7004,97,0.005675999913364649
1,0,46,136,0,1433,81,0.00547399977222085
1,0,47,136,0,1197,66,0.005944000091403723
1,0,48,136,0,1335,70,0.0055229999125003815
1,0,49,136,0,1334,65,0.006004999857395887
1,0,50,136,0,1287,66,0.00547399977222085
1,0,51,136,0,1163,52,0.006161999888718128
1,0,52,136,0,862,37,0.005588999949395657
1,0,53,136,0,760,42,0.00636299978941679
1,0,54,136,0,755,36,0.00546000013127923
1,0,55,136,0,623,39,0.00546600017696619
1,0,56,136,0,764,39,0.005776999983936548
1,0,57,136,0,796,42,0.005578000098466873
1,0,58,136,0,661,38,0.006147999782115221
1,0,59,136,0,622,37,0.005514000076800585
1,0,60,136,0,739,45,0.006130999885499477
1,0,61,136,0,789,45,0.005615999922156334
1,0,62,136,0,729,35,0.0054060001857578754
1,0,63,136,0,652,46,0.00545499986037612
1,0,64,136,0,736,36,0.005367999896407127
1,0,65,136,0,605,42,0.006318999920040369
1,0,66,136,0,782,33,0.005520999897271395
1,0,67,136,0,529,37,0.006312999874353409
1,0,68,136,0,654,36,0.006335000041872263
1,0,69,136,0,563,44,0.005373000167310238
1,0,70,136,0,733,39,0.005357999820262194
1,0,71,136,0,720,38,0.005410999990999699
1,0,72,136,0,741,40,0.006142000202089548
1,0,73,136,0,792,45,0.005543000064790249
1,0,74,136,0,703,42,0.005698000080883503
1,0,75,136,0,639,37,0.006238000001758337
1,0,76,136,0,684,50,0.006060999818146229
1,0,77,136,0,943,48,0.005551000125706196
1,0,78,136,0,771,38,0.006169999949634075
1,0,79,136,0,663,45,0.005468999966979027
1,0,80,136,0,734,39,0.006082999985665083
1,0,81,136,0,679,41,0.005543000064790249
1,0,82,136,0,797,36,0.005357000045478344
1,0,83,136,0,710,45,0.0060189999639987946
1,0,84,136,0,739,42,0.0054410002194345
1,0,85,136,0,518,40,0.005617999937385321
1,0,86,136,0,641,30,0.005872999783605337
1,0,87,136,0,526,39,0.007102999836206436
1,0,88,136,0,797,40,0.005710999947041273
1,0,89,136,0,901,38,0.005566000007092953
1,0,90,136,0,782,33,0.0055149998515844345
1,0,91,136,0,630,36,0.00621100002899766
1,0,92,136,0,728,34,0.005683999974280596
1,0,93,136,0,681,37,0.005355000030249357
1,0,94,136,0,684,41,0.005934000015258789
1,0,95,136,0,695,34,0.005404000170528889
1,0,96,136,0,661,34,0.006058000028133392
1,0,97,136,0,642,38,0.005470000207424164
1,0,98,136,0,703,31,0.006479999981820583
1,0,99,136,0,393,18,0.006258999928832054
1,0,100,136,0,252,14,0.005797000136226416
1,0,101,136,0,287,18,0.006087000016123056
1,0,102,136,0,352,20,0.0060430001467466354
1,0,103,136,0,415,16,0.005830999929457903
1,0,104,136,0,282,24,0.00648800004273653
1,0,105,136,0,294,15,0.006037000101059675
1,0,106,136,0,298,21,0.006527000106871128
1,0,107,136,0,511,23,0.005487999878823757
1,0,108,136,0,413,23,0.005371000152081251
1,0,109,136,0,254,12,0.005574999842792749
1,0,110,136,0,221,21,0.00547999981790781
1,0,111,136,0,386,28,0.006066999863833189
1,0,112,136,0,476,18,0.005493999924510717
1,0,113,136,0,361,16,0.006039999891072512
1,0,114,136,0,283,17,0.005429999902844429
1,0,115,136,0,432,24,0.005350000225007534
1,0,116,136,0,558,23,0.006271000020205975
1,0,117,136,0,333,10,0.006099000107496977
1,0,118,136,0,131,13,0.00609799986705184
1,0,119,136,0,253,24,0.005539999809116125
1,0,120,136,0,474,22,0.006068999879062176
1,0,121,136,0,547,24,0.005528999958187342
1,0,122,136,0,486,15,0.006093000061810017
1,0,123,136,0,296,19,0.006246999837458134
1,0,124,136,0,372,18,0.006082999985665083
1,0,125,136,0,371,19,0.006176999770104885
1,0,126,136,0,385,19,0.006082999985665083
1,0,127,136,0,326,17,0.005458999890834093
1,0,128,136,0,338,17,0.005537000019103289
1,0,129,136,0,297,16,0.005545000080019236
1,0,130,136,0,383,22,0.006409999914467335
1,0,131,136,0,428,17,0.005541999824345112
1,0,132,136,0,380,20,0.005646999925374985
1,0,133,136,0,400,23,0.005522000137716532
1,0,134,136,0,381,13,0.0054870001040399075
1,0,135,136,0,310,0,0.005394999869167805
1,1,0,136,1260700931,439796665,11770282,3.9953160285949707
1,0,0,86,0,228542047,4709960,0.7909250259399414
1,0,1,86,0,76837804,1719532,0.3191779851913452
1,0,2,86,0,30948262,866206,0.14093300700187683
1,0,3,86,0,13945168,480659,0.07492399960756302
1,0,4,86,0,8634091,268650,0.04481999948620796
1,0,5,86,0,4971640,162133,0.03465399891138077
1,0,6,86,0,2823849,107315,0.021957000717520714
1,0,7,86,0,1763296,77766,0.018161000683903694
1,0,8,86,0,1451724,57247,0.014545000158250332
1,0,9,86,0,1055572,35708,0.011637999676167965
1,0,10,86,0,583109,25412,0.010319000110030174
1,0,11,86,0,377302,19144,0.00792699959129095
1,0,12,86,0,296912,16925,0.0072189997881650925
1,0,13,86,0,253778,12145,0.007817000150680542
1,0,14,86,0,190150,8050,0.006645000074058771
1,0,15,86,0,139295,6019,0.006233000196516514
1,0,16,86,0,112177,4215,0.006089000031352043
1,0,17,86,0,85048,3374,0.005843000020831823
1,0,18,86,0,80474,3200,0.0058639999479055405
1,0,19,86,0,86815,2050,0.005729000084102154
1,0,20,86,0,60375,1460,0.005603000055998564
1,0,21,86,0,48193,1425,0.005621999967843294
1,0,22,86,0,57415,1299,0.005590000189840794
1,0,23,86,0,54333,1268,0.00559299997985363
1,0,24,86,0,52559,1207,0.005555000156164169
1,0,25,86,0,51347,1136,0.005576999858021736
1,0,26,86,0,47435,943,0.005690999794751406
1,0,27,86,0,38698,968,0.005590000189840794
1,0,28,86,0,40012,985,0.00546600017696619
1,0,29,86,0,42911,924,0.005481999833136797
1,0,30,86,0,38914,851,0.0055069997906684875
1,0,31,86,0,32945,643,0.005669999867677689
1,0,32,86,0,19189,628,0.0056570000015199184
1,0,33,86,0,14675,749,0.006550999823957682
1,0,34,86,0,21334,730,0.005549000110477209
1,0,35,86,0,25461,488,0.005824999883770943
1,0,36,86,0,16155,336,0.007457999978214502
1,0,37,86,0,7943,266,0.005882999859750271
1,0,38,86,0,4660,283,0.005543000064790249
1,0,39,86,0,5521,285,0.0054060001857578754
1,0,40,86,0,4988,211,0.005535000003874302
1,0,41,86,0,2243,243,0.005408000200986862
1,0,42,86,0,2083,316,0.005545999854803085
1,0,43,86,0,2433,239,0.005373000167310238
1,0,44,86,0,1895,171,0.005425000097602606
1,0,45,86,0,1315,96,0.005369000136852264
1,0,46,86,0,774,62,0.005588999949395657
1,0,47,86,0,492,53,0.005425000097602606
1,0,48,86,0,417,52,0.005355000030249357
1,0,49,86,0,389,9,0.006663000211119652
1,0,50,86,0,72,4,0.00532200001180172
1,0,51,86,0,33,11,0.005332999862730503
1,0,52,86,0,120,36,0.005704999901354313
1,0,53,86,0,311,58,0.005563999991863966
1,0,54,86,0,510,79,0.0053889998234808445
1,0,55,86,0,639,75,0.0056870002299547195
1,0,56,86,0,655,103,0.005568999797105789
1,0,57,86,0,799,79,0.005305999889969826
1,0,58,86,0,659,69,0.005386999808251858
1,0,59,86,0,542,34,0.005487999878823757
1,0,60,86,0,325,55,0.006022000219672918
1,0,61,86,0,422,41,0.005493000149726868
1,0,62,86,0,340,52,0.005332000087946653
1,0,63,86,0,389,27,0.005324000027030706
1,0,64,86,0,195,19,0.0054709999822080135
1,0,65,86,0,153,18,0.0053530000150203705
1,0,66,86,0,131,8,0.005485000088810921
1,0,67,86,0,61,8,0.005350000225007534
1,0,68,86,0,64,9,0.005367999896407127
1,0,69,86,0,77,12,0.005332000087946653
1,0,70,86,0,100,15,0.005609000101685524
1,0,71,86,0,127,13,0.00534099992364645
1,0,72,86,0,123,25,0.005303999874740839
1,0,73,86,0,200,15,0.005288000218570232
1,0,74,86,0,150,25,0.005950999911874533
1,0,75,86,0,193,15,0.005497000180184841
1,0,76,86,0,136,25,0.005377000197768211
1,0,77,86,0,226,52,0.0053889998234808445
1,0,78,86,0,391,19,0.005355000030249357
1,0,79,86,0,162,24,0.005431000143289566
1,0,80,86,0,168,9,0.007040000054985285
1,0,81,86,0,70,9,0.007631000131368637
1,0,82,86,0,65,5,0.007670000195503235
1,0,83,86,0,39,5,0.0076870000921189785
1,0,84,86,0,40,5,0.007794999983161688
1,0,85,86,0,40,0,0.006914000026881695
1,1,0,86,1067728782,270917774,8095547,2.6326849460601807
1,0,0,1,0,350045772,0,1.1002229452133179
1,1,0,1,922976985,0,0,1.8098360300064087
1,0,0,33,0,370842336,3417427,1.178760051727295
1,0,1,33,0,50810579,705183,0.22338399291038513
1,0,2,33,0,15101931,372998,0.06481599807739258
1,0,3,33,0,5601956,177964,0.0354980006814003
1,0,4,33,0,2983233,93059,0.023883000016212463
1,0,5,33,0,1483050,49089,0.0177180003374815
1,0,6,33,0,749720,39683,0.013779999688267708
1,0,7,33,0,454535,37237,0.010120999999344349
1,0,8,33,0,400289,31644,0.009018000215291977
1,0,9,33,0,350286,23824,0.008129999972879887
1,0,10,33,0,591324,21312,0.00801599957048893
1,0,11,33,0,715674,14722,0.008042999543249607
1,0,12,33,0,586947,8211,0.007302999962121248
1,0,13,33,0,158649,4921,0.006213000044226646
1,0,14,33,0,93017,5025,0.006016000173985958
1,0,15,33,0,85209,3969,0.0058109997771680355
1,0,16,33,0,83265,3825,0.005876000039279461
1,0,17,33,0,61742,2260,0.005900000222027302
1,0,18,33,0,37749,1163,0.005704000126570463
1,0,19,33,0,18039,647,0.005594000220298767
1,0,20,33,0,12691,528,0.00548599986359477
1,0,21,33,0,7187,324,0.005501000210642815
1,0,22,33,0,5605,316,0.0054709999822080135
1,0,23,33,0,6982,327,0.0054709999822080135
1,0,24,33,0,10650,251,0.005410999990999699
1,0,25,33,0,7837,134,0.005468000192195177
1,0,26,33,0,4014,71,0.005400999914854765
1,0,27,33,0,3186,131,0.005361999850720167
1,0,28,33,0,6573,82,0.0054060001857578754
1,0,29,33,0,3154,26,0.005646000150591135
1,0,30,33,0,844,7,0.005431000143289566
1,0,31,33,0,64,3,0.005336000118404627
1,0,32,33,0,26,0,0.005638999864459038
1,1,0,33,997075734,153787143,4873877,2.4307429790496826
1,0,0,1,0,0,0,0.01498899981379509
1,1,0,1,925098226,0,0,0.7322049736976624
1,0,0,37,0,354841523,1907974,1.0736830234527588
1,0,1,37,0,25775243,342765,0.1249219998717308
1,0,2,37,0,4437143,166928,0.03281199932098389
1,0,3,37,0,2147449,69812,0.02060599997639656
1,0,4,37,0,1129442,50231,0.013170000165700912
1,0,5,37,0,1004581,26613,0.010974000208079815
1,0,6,37,0,487492,12123,0.009967000223696232
1,0,7,37,0,206439,6362,0.00674000009894371
1,0,8,37,0,130542,7591,0.007027999963611364
1,0,9,37,0,133650,3759,0.0060640000738203526
1,0,10,37,0,64058,2571,0.005874000024050474
1,0,11,37,0,41458,1689,0.005704000126570463
1,0,12,37,0,33595,1319,0.00573199987411499
1,0,13,37,0,31976,1424,0.005708000157028437
1,0,14,37,0,38922,1771,0.005714999977499247
1,0,15,37,0,38606,1003,0.005545999854803085
1,0,16,37,0,19063,570,0.0055320002138614655
1,0,17,37,0,14495,631,0.005565000232309103
1,0,18,37,0,26536,614,0.005547000095248222
1,0,19,37,0,27369,453,0.005448999814689159
1,0,20,37,0,20859,397,0.005640000104904175
1,0,21,37,0,18712,398,0.005495000164955854
1,0,22,37,0,22407,241,0.005452999845147133
1,0,23,37,0,15609,220,0.005452999845147133
1,0,24,37,0,13293,246,0.005435999948531389
1,0,25,37,0,12856,335,0.00547399977222085
1,0,26,37,0,19320,314,0.005413999781012535
1,0,27,37,0,21426,198,0.005419000051915646
1,0,28,37,0,14312,178,0.005472999997437
1,0,29,37,0,12844,145,0.005501999985426664
1,0,30,37,0,9963,179,0.005545999854803085
1,0,31,37,0,12135,101,0.005417000036686659
1,0,32,37,0,7373,41,0.005493999924510717
1,0,33,37,0,2958,54,0.005330999847501516
1,0,34,37,0,3774,127,0.005373999942094088
1,0,35,37,0,8472,12,0.005330000072717667
1,0,36,37,0,727,0,0.005464000161737204
1,1,0,37,945579340,70477626,2588256,2.1815590858459473
1,0,0,1,0,0,0,0.013368000276386738
1,1,0,1,922976985,0,0,0.7146610021591187
1,0,0,33,0,219838537,956936,0.6913949847221375
1,0,1,33,0,11979364,189332,0.06577999889850616
1,0,2,33,0,2281598,84645,0.023372000083327293
1,0,3,33,0,1213068,63133,0.01738799922168255
1,0,4,33,0,674884,18425,0.01221499964594841
1,0,5,33,0,261535,9752,0.00993099994957447
1,0,6,33,0,146069,5008,0.007879000157117844
1,0,7,33,0,101131,4243,0.008574999868869781
1,0,8,33,0,72416,5144,0.006883999798446894
1,0,9,33,0,58027,5433,0.00685400003567338
1,0,10,33,0,73724,5796,0.006016999948769808
1,0,11,33,0,48763,5437,0.0058639999479055405
1,0,12,33,0,57646,2921,0.005764999892562628
1,0,13,33,0,22032,1903,0.005717999767512083
1,0,14,33,0,20804,1172,0.005634000059217215
1,0,15,33,0,9358,709,0.005518999882042408
1,0,16,33,0,7244,433,0.005563999991863966
1,0,17,33,0,3873,310,0.0056050000712275505
1,0,18,33,0,3027,257,0.005518000107258558
1,0,19,33,0,4263,265,0.005425000097602606
1,0,20,33,0,6613,238,0.0073990002274513245
1,0,21,33,0,6142,117,0.005609999876469374
1,0,22,33,0,1864,81,0.0054790000431239605
1,0,23,33,0,1512,89,0.005458999890834093
1,0,24,33,0,974,90,0.005506000015884638
1,0,25,33,0,761,16,0.005423999857157469
1,0,26,33,0,174,18,0.0053969998843967915
1,0,27,33,0,174,15,0.005309999920427799
1,0,28,33,0,146,16,0.005456000100821257
1,0,29,33,0,155,13,0.005284000188112259
1,0,30,33,0,120,7,0.005384000018239021
1,0,31,33,0,64,3,0.005547999870032072
1,0,32,33,0,26,0,0.005324999801814556
1,1,0,33,937274819,33264943,1354583,1.6930639743804932
1,0,0,1,0,0,0,0.01559399999678135
1,1,0,1,925098226,0,0,0.7050719857215881
1,0,0,21,0,361023399,557663,1.0538560152053833
1,0,1,21,0,6206327,114655,0.04067999869585037
1,0,2,21,0,1394356,80771,0.015675000846385956
1,0,3,21,0,1172308,34102,0.014221999794244766
1,0,4,21,0,488153,14247,0.009349999949336052
1,0,5,21,0,209621,7411,0.008760999888181686
1,0,6,21,0,81344,3025,0.006637000013142824
1,0,7,21,0,35170,1855,0.008086999878287315
1,0,8,21,0,22612,1106,0.005789999850094318
1,0,9,21,0,9528,881,0.005446999799460173
1,0,10,21,0,7864,661,0.005929000210016966
1,0,11,21,0,6486,432,0.005485000088810921
1,0,12,21,0,5686,387,0.0055229999125003815
1,0,13,21,0,5361,428,0.005512999836355448
1,0,14,21,0,3219,301,0.006699000019580126
1,0,15,21,0,1249,98,0.005417999811470509
1,0,16,21,0,829,26,0.005435999948531389
1,0,17,21,0,334,20,0.0053400001488626
1,0,18,21,0,253,18,0.00546000013127923
1,0,19,21,0,288,6,0.0053460001945495605
1,0,20,21,0,62,0,0.005319999996572733
1,1,0,21,932015272,18619038,814179,1.9355800151824951
1,0,0,1,0,0,0,0.012802000157535076
1,1,0,1,922976985,0,0,0.6982560157775879
1,0,0,18,0,226138068,336168,0.7458680272102356
1,0,1,18,0,4032821,64014,0.028372999280691147
1,0,2,18,0,902721,44602,0.011601000092923641
1,0,3,18,0,920617,25037,0.011362999677658081
1,0,4,18,0,420245,10291,0.008298000320792198
1,0,5,18,0,151280,4723,0.008244000375270844
1,0,6,18,0,63099,2710,0.006697000004351139
1,0,7,18,0,41302,1275,0.006209000013768673
1,0,8,18,0,14962,502,0.005754000041633844
1,0,9,18,0,5791,257,0.005518999882042408
1,0,10,18,0,2724,176,0.00547399977222085
1,0,11,18,0,2171,151,0.00545499986037612
1,0,12,18,0,1560,115,0.005402999930083752
1,0,13,18,0,968,107,0.005384000018239021
1,0,14,18,0,841,142,0.005408999975770712
1,0,15,18,0,1107,162,0.005373000167310238
1,0,16,18,0,1323,134,0.0053820000030100346
1,0,17,18,0,949,0,0.00558699993416667
1,1,0,18,932023498,12881897,488052,1.5936059951782227
1,0,0,1,0,15845436,0,0.07034700363874435
1,1,0,1,925098226,0,0,0.788873016834259
1,0,0,20,0,363398637,197032,1.0789599418640137
1,0,1,20,0,2510005,36494,0.02208000048995018
1,0,2,20,0,521542,19168,0.012079999782145023
1,0,3,20,0,235592,13298,0.0071669998578727245
1,0,4,20,0,120838,10283,0.006531999912112951
1,0,5,20,0,77870,4164,0.00587099976837635
1,0,6,20,0,24756,1268,0.005756000056862831
1,0,7,20,0,9091,378,0.005547999870032072
1,0,8,20,0,3174,159,0.005601999815553427
1,0,9,20,0,1619,89,0.005501999985426664
1,0,10,20,0,654,38,0.005539999809116125
1,0,11,20,0,386,13,0.005452000070363283
1,0,12,20,0,184,10,0.0053369998931884766
1,0,13,20,0,108,9,0.005584000144153833
1,0,14,20,0,87,3,0.005396000109612942
1,0,15,20,0,25,2,0.005417000036686659
1,0,16,20,0,20,3,0.005350999999791384
1,0,17,20,0,25,1,0.005437999963760376
1,0,18,20,0,12,1,0.00532200001180172
1,0,19,20,0,11,0,0.005311999935656786
1,1,0,20,924828075,6893250,281395,1.8959770202636719
1,0,0,1,0,10043300,0,0.046925000846385956
1,1,0,1,922976985,0,0,0.7493969798088074
1,0,0,18,0,230693425,97144,0.725534975528717
1,0,1,18,0,1151828,16750,0.016478000208735466
1,0,2,18,0,220440,13808,0.010534999892115593
1,0,3,18,0,146834,7725,0.010041000321507454
1,0,4,18,0,81022,3983,0.008767000399529934
1,0,5,18,0,32715,1431,0.008062000386416912
1,0,6,18,0,10992,608,0.007977000437676907
1,0,7,18,0,4764,314,0.0068870000541210175
1,0,8,18,0,2429,100,0.0073990002274513245
1,0,9,18,0,1050,59,0.005657999776303768
1,0,10,18,0,653,28,0.005381000228226185
1,0,11,18,0,331,18,0.0057299998588860035
1,0,12,18,0,284,32,0.0055149998515844345
1,0,13,18,0,427,18,0.005367000121623278
1,0,14,18,0,235,7,0.00533400010317564
1,0,15,18,0,89,3,0.005501000210642815
1,0,16,18,0,36,1,0.005371999926865101
1,0,17,18,0,9,0,0.005326000042259693
1,1,0,18,926072920,3179842,141592,1.57076895236969
1,0,0,1,0,5159253,0,0.033702999353408813
1,1,0,1,925098226,0,0,0.7634029984474182
1,0,0,14,0,364025170,56453,0.9808980226516724
1,0,1,14,0,560493,9134,0.015199000015854836
1,0,2,14,0,102297,2732,0.008968999609351158
1,0,3,14,0,40021,792,0.008390000090003014
1,0,4,14,0,10490,470,0.008834999985992908
1,0,5,14,0,5550,267,0.006934999953955412
1,0,6,14,0,3009,120,0.007857000455260277
1,0,7,14,0,1523,64,0.005934000015258789
1,0,8,14,0,704,29,0.005793999880552292
1,0,9,14,0,422,19,0.005681000184267759
1,0,10,14,0,386,13,0.005382999777793884
1,0,11,14,0,198,6,0.0055240001529455185
1,0,12,14,0,91,4,0.0054709999822080135
1,0,13,14,0,91,0,0.005311999935656786
1,1,0,14,923346146,1395904,69989,1.7644309997558594
1,0,0,1,0,0,0,0.014692000113427639
1,1,0,1,922976985,0,0,0.7314109802246094
1,0,0,20,0,228989063,29107,0.7079409956932068
1,0,1,20,0,276388,5712,0.013527000322937965
1,0,2,20,0,60116,1859,0.010332000441849232
1,0,3,20,0,27284,722,0.008930999785661697
1,0,4,20,0,12981,517,0.00813200045377016
1,0,5,20,0,13751,442,0.008453999646008015
1,0,6,20,0,7641,381,0.006612000055611134
1,0,7,20,0,5122,106,0.008674000389873981
1,0,8,20,0,1403,105,0.005969000048935413
1,0,9,20,0,1388,363,0.006136000156402588
1,0,10,20,0,3808,766,0.005636999849230051
1,0,11,20,0,7729,918,0.005634999834001064
1,0,12,20,0,8642,2205,0.005549999885261059
1,0,13,20,0,15818,819,0.005417000036686659
1,0,14,20,0,6268,460,0.005510000046342611
1,0,15,20,0,3919,332,0.005481000058352947
1,0,16,20,0,2862,93,0.005464000161737204
1,0,17,20,0,758,24,0.005456999875605106
1,0,18,20,0,540,2,0.005506000015884638
1,0,19,20,0,49,0,0.0053530000150203705
1,1,0,20,925350006,872310,44905,1.5630840063095093
