is_inc,level,current_iter,num_iters,sum_indegree,sum_outdegree,num_vertexes,elapsed_time
0,0,0,341,0,31792232,2293872,0.3593449890613556
0,0,1,341,0,12714773,264465,0.15205900371074677
0,0,2,341,0,1659322,97395,0.0297240000218153
0,0,3,341,0,576948,45701,0.012934999540448189
0,0,4,341,0,258735,24084,0.007505000103265047
0,0,5,341,0,145930,15563,0.004982999991625547
0,0,6,341,0,95051,10655,0.003840999910607934
0,0,7,341,0,66186,7976,0.0032079999800771475
0,0,8,341,0,57215,7039,0.0028929999098181725
0,0,9,341,0,78936,6006,0.002893999917432666
0,0,10,341,0,52603,4932,0.0026289999950677156
0,0,11,341,0,38774,4169,0.002455000067129731
0,0,12,341,0,29868,4508,0.0023350000847131014
0,0,13,341,0,29687,5077,0.002328000031411648
0,0,14,341,0,27828,5053,0.002268000040203333
0,0,15,341,0,26239,3874,0.002219999907538295
0,0,16,341,0,20057,2520,0.002078999998047948
0,0,17,341,0,15014,1528,0.0019680000841617584
0,0,18,341,0,10523,959,0.001892999978736043
0,0,19,341,0,8102,676,0.0018749999580904841
0,0,20,341,0,6596,444,0.0018570000538602471
0,0,21,341,0,4752,359,0.001769999973475933
0,0,22,341,0,3939,297,0.0017500000540167093
0,0,23,341,0,3758,264,0.0018119999440386891
0,0,24,341,0,3442,239,0.001816999982111156
0,0,25,341,0,3087,193,0.001744000008329749
0,0,26,341,0,2561,169,0.0017460000235587358
0,0,27,341,0,2216,181,0.0017849999712780118
0,0,28,341,0,2402,184,0.0017859999788925052
0,0,29,341,0,2476,161,0.0017369999550282955
0,0,30,341,0,2166,144,0.001724999980069697
0,0,31,341,0,1921,136,0.001769999973475933
0,0,32,341,0,1701,125,0.0017760000191628933
0,0,33,341,0,1720,136,0.001728000002913177
0,0,34,341,0,1848,140,0.0017109999898821115
0,0,35,341,0,1981,124,0.0017590000061318278
0,0,36,341,0,1821,133,0.0017770000267773867
0,0,37,341,0,1690,99,0.0017529999604448676
0,0,38,341,0,1213,98,0.0017140000127255917
0,0,39,341,0,1087,96,0.001766999950632453
0,0,40,341,0,1104,76,0.0017630000365898013
0,0,41,341,0,1018,96,0.0017219999572262168
0,0,42,341,0,1424,104,0.001715000020340085
0,0,43,341,0,1485,93,0.0017229999648407102
0,0,44,341,0,1068,75,0.0017590000061318278
0,0,45,341,0,843,69,0.0017180000431835651
0,0,46,341,0,816,67,0.0017969999462366104
0,0,47,341,0,743,74,0.0017630000365898013
0,0,48,341,0,940,58,0.0017659999430179596
0,0,49,341,0,745,53,0.0017089999746531248
0,0,50,341,0,614,50,0.0018060000147670507
0,0,51,341,0,523,55,0.0017770000267773867
0,0,52,341,0,602,49,0.001765000051818788
0,0,53,341,0,478,55,0.001711999997496605
0,0,54,341,0,621,53,0.0018080000299960375
0,0,55,341,0,518,37,0.0017740000039339066
0,0,56,341,0,402,34,0.0017590000061318278
0,0,57,341,0,303,29,0.0017079999670386314
0,0,58,341,0,270,29,0.0017500000540167093
0,0,59,341,0,225,33,0.0017999999690800905
0,0,60,341,0,298,33,0.0017529999604448676
0,0,61,341,0,225,28,0.0017190000507980585
0,0,62,341,0,185,30,0.0017549999756738544
0,0,63,341,0,183,32,0.0018230000277981162
0,0,64,341,0,178,31,0.0054259998723864555
0,0,65,341,0,164,22,0.005365000106394291
0,0,66,341,0,135,27,0.005113000050187111
0,0,67,341,0,147,24,0.0036140000447630882
0,0,68,341,0,108,18,0.0028880001045763493
0,0,69,341,0,93,24,0.002759000053629279
0,0,70,341,0,133,23,0.0035069999285042286
0,0,71,341,0,143,26,0.0036279999185353518
0,0,72,341,0,159,24,0.0035719999577850103
0,0,73,341,0,144,29,0.0024870000779628754
0,0,74,341,0,175,22,0.0025029999669641256
0,0,75,341,0,134,30,0.002486000070348382
0,0,76,341,0,174,24,0.0024610001128166914
0,0,77,341,0,112,22,0.0020520000252872705
0,0,78,341,0,118,19,0.00545499986037612
0,0,79,341,0,110,19,0.005384000018239021
0,0,80,341,0,104,12,0.0030690000858157873
0,0,81,341,0,68,13,0.0023320000618696213
0,0,82,341,0,62,12,0.0025319999549537897
0,0,83,341,0,71,17,0.003022999968379736
0,0,84,341,0,102,14,0.002976000076159835
0,0,85,341,0,79,17,0.0030040000565350056
0,0,86,341,0,87,13,0.0021619999315589666
0,0,87,341,0,68,14,0.0021410000044852495
0,0,88,341,0,80,17,0.005442999769002199
0,0,89,341,0,102,16,0.0053610000759363174
0,0,90,341,0,102,15,0.005379999987781048
0,0,91,341,0,85,14,0.003836000105366111
0,0,92,341,0,95,17,0.003639000002294779
0,0,93,341,0,106,17,0.003836000105366111
0,0,94,341,0,114,18,0.0049760001711547375
0,0,95,341,0,104,15,0.004801000002771616
0,0,96,341,0,79,12,0.003281000070273876
0,0,97,341,0,61,16,0.0032770000398159027
0,0,98,341,0,93,21,0.0032369999680668116
0,0,99,341,0,145,20,0.0026030000299215317
0,0,100,341,0,111,14,0.002549000084400177
0,0,101,341,0,77,13,0.005657999776303768
0,0,102,341,0,63,15,0.0057310000993311405
0,0,103,341,0,77,12,0.004838999826461077
0,0,104,341,0,65,14,0.0036979999858886003
0,0,105,341,0,66,12,0.003585000056773424
0,0,106,341,0,67,15,0.004265999887138605
0,0,107,341,0,87,19,0.004666000138968229
0,0,108,341,0,111,15,0.003936000168323517
0,0,109,341,0,86,16,0.0031449999660253525
0,0,110,341,0,89,14,0.0031500000040978193
0,0,111,341,0,76,14,0.0028589998837560415
0,0,112,341,0,78,12,0.0023819999769330025
0,0,113,341,0,60,14,0.005493000149726868
0,0,114,341,0,91,19,0.005685000214725733
0,0,115,341,0,147,14,0.005967999808490276
0,0,116,341,0,102,15,0.003857000032439828
0,0,117,341,0,97,11,0.0036849998869001865
0,0,118,341,0,67,14,0.003561000106856227
0,0,119,341,0,96,15,0.0026779999025166035
0,0,120,341,0,112,17,0.002681999932974577
0,0,121,341,0,148,14,0.0026779999025166035
0,0,122,341,0,85,10,0.002455000067129731
0,0,123,341,0,63,11,0.0020210000220686197
0,0,124,341,0,59,11,0.002013999968767166
0,0,125,341,0,74,14,0.001961000030860305
0,0,126,341,0,87,13,0.002002999885007739
0,0,127,341,0,73,13,0.0020240000449121
0,0,128,341,0,88,14,0.0017600000137463212
0,0,129,341,0,85,10,0.0017610000213608146
0,0,130,341,0,52,13,0.0017659999430179596
0,0,131,341,0,75,10,0.0017519999528303742
0,0,132,341,0,51,11,0.005404000170528889
0,0,133,341,0,61,11,0.005375000182539225
0,0,134,341,0,72,12,0.004435999784618616
0,0,135,341,0,74,11,0.0036059999838471413
0,0,136,341,0,65,6,0.002750999992713332
0,0,137,341,0,29,8,0.0027379998937249184
0,0,138,341,0,55,8,0.0029770000837743282
0,0,139,341,0,52,9,0.0029780000913888216
0,0,140,341,0,53,9,0.002870999975129962
0,0,141,341,0,58,7,0.0021100000012665987
0,0,142,341,0,42,9,0.0021089999936521053
0,0,143,341,0,52,6,0.0021009999327361584
0,0,144,341,0,32,6,0.0021059999708086252
0,0,145,341,0,33,9,0.0020409999415278435
0,0,146,341,0,59,8,0.0017600000137463212
0,0,147,341,0,48,7,0.0017519999528303742
0,0,148,341,0,34,4,0.0017079999670386314
0,0,149,341,0,24,9,0.001740999985486269
0,0,150,341,0,63,11,0.0017900000093504786
0,0,151,341,0,71,7,0.0017519999528303742
0,0,152,341,0,38,7,0.0017859999788925052
0,0,153,341,0,39,7,0.005439999978989363
0,0,154,341,0,35,6,0.005365999881178141
0,0,155,341,0,30,5,0.005377999972552061
0,0,156,341,0,18,4,0.004106000065803528
0,0,157,341,0,24,7,0.0029810001142323017
0,0,158,341,0,41,8,0.0030060000717639923
0,0,159,341,0,54,8,0.003163000103086233
0,0,160,341,0,52,8,0.0032939999364316463
0,0,161,341,0,65,11,0.003289999905973673
0,0,162,341,0,65,6,0.0027389999013394117
0,0,163,341,0,35,6,0.0022899999748915434
0,0,164,341,0,34,7,0.002271000063046813
0,0,165,341,0,48,9,0.002303000073879957
0,0,166,341,0,71,11,0.002274000085890293
0,0,167,341,0,64,6,0.0018609999679028988
0,0,168,341,0,29,7,0.0017590000061318278
0,0,169,341,0,38,8,0.0017529999604448676
0,0,170,341,0,49,9,0.0017559999832883477
0,0,171,341,0,59,8,0.001753999968059361
0,0,172,341,0,49,7,0.001753999968059361
0,0,173,341,0,46,11,0.0017689999658614397
0,0,174,341,0,90,11,0.001762000028975308
0,0,175,341,0,72,9,0.0017470000311732292
0,0,176,341,0,71,12,0.001753999968059361
0,0,177,341,0,87,8,0.0017640000442042947
0,0,178,341,0,46,8,0.001740999985486269
0,0,179,341,0,50,7,0.0017509999452158809
0,0,180,341,0,36,7,0.0017590000061318278
0,0,181,341,0,46,9,0.0017590000061318278
0,0,182,341,0,65,10,0.001756999990902841
0,0,183,341,0,69,10,0.0017500000540167093
0,0,184,341,0,63,7,0.0017519999528303742
0,0,185,341,0,42,9,0.0017590000061318278
0,0,186,341,0,64,10,0.0017549999756738544
0,0,187,341,0,62,9,0.0017040000529959798
0,0,188,341,0,69,7,0.0017419999931007624
0,0,189,341,0,48,10,0.0017689999658614397
0,0,190,341,0,68,9,0.001766999950632453
0,0,191,341,0,54,7,0.001787999994121492
0,0,192,341,0,39,9,0.0017549999756738544
0,0,193,341,0,57,8,0.0017630000365898013
0,0,194,341,0,55,10,0.001765000051818788
0,0,195,341,0,65,8,0.0017519999528303742
0,0,196,341,0,43,7,0.0017079999670386314
0,0,197,341,0,40,9,0.0017500000540167093
0,0,198,341,0,50,9,0.001782999956049025
0,0,199,341,0,52,9,0.0017519999528303742
0,0,200,341,0,54,7,0.0017579999985173345
0,0,201,341,0,42,8,0.0017579999985173345
0,0,202,341,0,53,10,0.001756999990902841
0,0,203,341,0,66,5,0.001791000016964972
0,0,204,341,0,23,6,0.001756999990902841
0,0,205,341,0,34,6,0.0017049999441951513
0,0,206,341,0,35,7,0.0017460000235587358
0,0,207,341,0,41,9,0.001749000046402216
0,0,208,341,0,67,9,0.00546000013127923
0,0,209,341,0,58,7,0.005063999909907579
0,0,210,341,0,38,8,0.004315000027418137
0,0,211,341,0,48,6,0.004310000222176313
0,0,212,341,0,31,6,0.0032470000442117453
0,0,213,341,0,29,5,0.0029780000913888216
0,0,214,341,0,32,11,0.00303900009021163
0,0,215,341,0,60,6,0.0027620000764727592
0,0,216,341,0,43,11,0.0024709999561309814
0,0,217,341,0,76,8,0.002463999902829528
0,0,218,341,0,47,9,0.0024739999789744616
0,0,219,341,0,57,8,0.002265000017359853
0,0,220,341,0,53,10,0.0017810000572353601
0,0,221,341,0,44,6,0.0017729999963194132
0,0,222,341,0,29,5,0.0017729999963194132
0,0,223,341,0,17,3,0.001765000051818788
0,0,224,341,0,18,7,0.0017689999658614397
0,0,225,341,0,42,8,0.0017610000213608146
0,0,226,341,0,51,7,0.001762000028975308
0,0,227,341,0,40,7,0.0017470000311732292
0,0,228,341,0,46,8,0.0017089999746531248
0,0,229,341,0,53,8,0.0017750000115484
0,0,230,341,0,49,6,0.001766999950632453
0,0,231,341,0,29,5,0.001753999968059361
0,0,232,341,0,28,7,0.0017610000213608146
0,0,233,341,0,46,10,0.0017519999528303742
0,0,234,341,0,59,6,0.0017579999985173345
0,0,235,341,0,32,9,0.0017549999756738544
0,0,236,341,0,52,6,0.0017519999528303742
0,0,237,341,0,35,10,0.0017059999518096447
0,0,238,341,0,75,12,0.0017509999452158809
0,0,239,341,0,78,7,0.0017509999452158809
0,0,240,341,0,45,10,0.0017549999756738544
0,0,241,341,0,81,11,0.0017610000213608146
0,0,242,341,0,73,9,0.0018129999516531825
0,0,243,341,0,62,9,0.0017549999756738544
0,0,244,341,0,70,11,0.0017559999832883477
0,0,245,341,0,78,11,0.0017579999985173345
0,0,246,341,0,69,6,0.0017630000365898013
0,0,247,341,0,26,6,0.0017509999452158809
0,0,248,341,0,34,7,0.0017519999528303742
0,0,249,341,0,52,11,0.0017549999756738544
0,0,250,341,0,70,8,0.0017549999756738544
0,0,251,341,0,50,8,0.0017099999822676182
0,0,252,341,0,48,9,0.0017190000507980585
0,0,253,341,0,50,6,0.001753999968059361
0,0,254,341,0,39,8,0.001825000043027103
0,0,255,341,0,55,9,0.001762000028975308
0,0,256,341,0,68,9,0.001756999990902841
0,0,257,341,0,51,8,0.0017500000540167093
0,0,258,341,0,48,6,0.0017610000213608146
0,0,259,341,0,39,9,0.0017480000387877226
0,0,260,341,0,67,10,0.0017099999822676182
0,0,261,341,0,66,9,0.0017379999626427889
0,0,262,341,0,59,8,0.0017719999887049198
0,0,263,341,0,45,8,0.0017519999528303742
0,0,264,341,0,43,7,0.0017549999756738544
0,0,265,341,0,46,12,0.0017610000213608146
0,0,266,341,0,78,10,0.001756999990902841
0,0,267,341,0,65,8,0.001769999973475933
0,0,268,341,0,42,7,0.0017590000061318278
0,0,269,341,0,37,7,0.0017160000279545784
0,0,270,341,0,42,7,0.0017450000159442425
0,0,271,341,0,41,8,0.0017600000137463212
0,0,272,341,0,38,6,0.0017559999832883477
0,0,273,341,0,23,2,0.0017610000213608146
0,0,274,341,0,15,6,0.001753999968059361
0,0,275,341,0,49,5,0.0017509999452158809
0,0,276,341,0,34,3,0.0017590000061318278
0,0,277,341,0,20,6,0.0017590000061318278
0,0,278,341,0,40,4,0.0017340000486001372
0,0,279,341,0,20,2,0.0017470000311732292
0,0,280,341,0,9,3,0.0017640000442042947
0,0,281,341,0,21,6,0.005570000037550926
0,0,282,341,0,34,4,0.005371000152081251
0,0,283,341,0,33,7,0.004404000006616116
0,0,284,341,0,49,4,0.0036150000523775816
0,0,285,341,0,25,5,0.0036180000752210617
0,0,286,341,0,38,6,0.00279600010253489
0,0,287,341,0,43,6,0.003017999930307269
0,0,288,341,0,24,3,0.0030129998922348022
0,0,289,341,0,16,3,0.0029219998978078365
0,0,290,341,0,10,1,0.0020649998914450407
0,0,291,341,0,5,3,0.002065999899059534
0,0,292,341,0,16,3,0.002429000101983547
0,0,293,341,0,20,4,0.004385999869555235
0,0,294,341,0,26,4,0.005001999903470278
0,0,295,341,0,24,3,0.004581000190228224
0,0,296,341,0,20,4,0.0032999999821186066
0,0,297,341,0,24,3,0.00329799996688962
0,0,298,341,0,12,2,0.0031840000301599503
0,0,299,341,0,12,4,0.0025140000507235527
0,0,300,341,0,24,4,0.002512000035494566
0,0,301,341,0,26,4,0.0025229998864233494
0,0,302,341,0,26,6,0.0024250000715255737
0,0,303,341,0,33,2,0.001976999919861555
0,0,304,341,0,10,4,0.0020540000405162573
0,0,305,341,0,34,7,0.00202700006775558
0,0,306,341,0,45,3,0.00203699991106987
0,0,307,341,0,18,4,0.0019829999655485153
0,0,308,341,0,26,5,0.0017529999604448676
0,0,309,341,0,33,4,0.0017549999756738544
0,0,310,341,0,18,2,0.001762000028975308
0,0,311,341,0,14,6,0.0017600000137463212
0,0,312,341,0,46,6,0.0017740000039339066
0,0,313,341,0,38,3,0.0017590000061318278
0,0,314,341,0,13,3,0.0017140000127255917
0,0,315,341,0,17,4,0.0017399999778717756
0,0,316,341,0,34,6,0.001753999968059361
0,0,317,341,0,41,4,0.001753999968059361
0,0,318,341,0,28,5,0.0017630000365898013
0,0,319,341,0,29,4,0.0017709999810904264
0,0,320,341,0,15,1,0.0017559999832883477
0,0,321,341,0,6,4,0.0017559999832883477
0,0,322,341,0,32,6,0.0017509999452158809
0,0,323,341,0,46,4,0.0017010000301524997
0,0,324,341,0,19,4,0.0017399999778717756
0,0,325,341,0,26,3,0.0017590000061318278
0,0,326,341,0,21,4,0.001753999968059361
0,0,327,341,0,32,5,0.0017519999528303742
0,0,328,341,0,32,5,0.0017559999832883477
0,0,329,341,0,35,4,0.001753999968059361
0,0,330,341,0,21,3,0.001769999973475933
0,0,331,341,0,16,4,0.0017590000061318278
0,0,332,341,0,29,6,0.0017079999670386314
0,0,333,341,0,41,4,0.0017460000235587358
0,0,334,341,0,27,5,0.001762000028975308
0,0,335,341,0,26,4,0.001762000028975308
0,0,336,341,0,25,4,0.001756999990902841
0,0,337,341,0,27,5,0.001782999956049025
0,0,338,341,0,30,5,0.001765000051818788
0,0,339,341,0,23,4,0.001702000037766993
0,0,340,341,0,14,0,0.0017480000387877226
0,1,0,341,238952134,231219710,6220228,1.4307719469070435
1,0,0,135,0,30836789,1548172,0.4126819968223572
1,0,1,135,0,8473424,156397,0.15497000515460968
1,0,2,135,0,1003566,45124,0.02303200028836727
1,0,3,135,0,308530,23237,0.008748999796807766
1,0,4,135,0,165604,16676,0.005518000107258558
1,0,5,135,0,108016,11238,0.004182000178843737
1,0,6,135,0,68991,9886,0.003444999922066927
1,0,7,135,0,56614,8699,0.0030960000585764647
1,0,8,135,0,48198,7116,0.0028349999338388443
1,0,9,135,0,40879,5520,0.0026229999493807554
1,0,10,135,0,46044,4022,0.0025309999473392963
1,0,11,135,0,31687,3001,0.0023270000237971544
1,0,12,135,0,26145,2279,0.002202000003308058
1,0,13,135,0,21074,2003,0.0021180000621825457
1,0,14,135,0,19157,1606,0.0020620001014322042
1,0,15,135,0,14135,1277,0.0019990000873804092
1,0,16,135,0,11471,873,0.0019409999949857593
1,0,17,135,0,7852,690,0.0018769999733194709
1,0,18,135,0,5979,514,0.001858999952673912
1,0,19,135,0,4616,358,0.0018230000277981162
1,0,20,135,0,3368,305,0.0018449999624863267
1,0,21,135,0,2652,194,0.0018179999897256494
1,0,22,135,0,1487,167,0.0017930000321939588
1,0,23,135,0,992,122,0.0017709999810904264
1,0,24,135,0,824,108,0.0017330000409856439
1,0,25,135,0,725,100,0.001753999968059361
1,0,26,135,0,611,88,0.0017750000115484
1,0,27,135,0,479,79,0.001765000051818788
1,0,28,135,0,391,75,0.0017770000267773867
1,0,29,135,0,356,62,0.0017610000213608146
1,0,30,135,0,277,51,0.0017689999658614397
1,0,31,135,0,266,63,0.0017630000365898013
1,0,32,135,0,351,61,0.0017659999430179596
1,0,33,135,0,284,47,0.0017359999474138021
1,0,34,135,0,253,55,0.0017519999528303742
1,0,35,135,0,262,48,0.001765000051818788
1,0,36,135,0,236,52,0.0017659999430179596
1,0,37,135,0,290,49,0.0017559999832883477
1,0,38,135,0,221,45,0.0017659999430179596
1,0,39,135,0,199,44,0.0017590000061318278
1,0,40,135,0,221,43,0.0017709999810904264
1,0,41,135,0,242,47,0.0017600000137463212
1,0,42,135,0,214,41,0.0017180000431835651
1,0,43,135,0,190,36,0.0017579999985173345
1,0,44,135,0,169,37,0.001762000028975308
1,0,45,135,0,187,42,0.0017920000245794654
1,0,46,135,0,237,46,0.0017719999887049198
1,0,47,135,0,272,46,0.0017600000137463212
1,0,48,135,0,239,37,0.001769999973475933
1,0,49,135,0,180,46,0.0017640000442042947
1,0,50,135,0,227,36,0.0017689999658614397
1,0,51,135,0,136,38,0.001765000051818788
1,0,52,135,0,138,24,0.0017659999430179596
1,0,53,135,0,93,25,0.001749000046402216
1,0,54,135,0,82,18,0.0017610000213608146
1,0,55,135,0,78,29,0.0017559999832883477
1,0,56,135,0,172,35,0.001766999950632453
1,0,57,135,0,214,31,0.0017549999756738544
1,0,58,135,0,169,28,0.001740999985486269
1,0,59,135,0,136,19,0.001744000008329749
1,0,60,135,0,70,12,0.001765000051818788
1,0,61,135,0,50,16,0.0017529999604448676
1,0,62,135,0,72,17,0.0017610000213608146
1,0,63,135,0,84,14,0.0017579999985173345
1,0,64,135,0,75,23,0.001766999950632453
1,0,65,135,0,122,16,0.0017709999810904264
1,0,66,135,0,77,15,0.001762000028975308
1,0,67,135,0,70,17,0.0017079999670386314
1,0,68,135,0,77,19,0.0017590000061318278
1,0,69,135,0,79,16,0.001753999968059361
1,0,70,135,0,92,18,0.0017760000191628933
1,0,71,135,0,99,19,0.0017819999484345317
1,0,72,135,0,82,11,0.001766999950632453
1,0,73,135,0,59,16,0.001756999990902841
1,0,74,135,0,99,18,0.0017689999658614397
1,0,75,135,0,81,14,0.001753999968059361
1,0,76,135,0,54,11,0.001769999973475933
1,0,77,135,0,37,8,0.0017549999756738544
1,0,78,135,0,33,8,0.0017590000061318278
1,0,79,135,0,41,7,0.0017500000540167093
1,0,80,135,0,24,10,0.001765000051818788
1,0,81,135,0,45,14,0.0017579999985173345
1,0,82,135,0,67,13,0.0017610000213608146
1,0,83,135,0,63,8,0.0017059999518096447
1,0,84,135,0,36,9,0.0017750000115484
1,0,85,135,0,48,10,0.0017610000213608146
1,0,86,135,0,50,7,0.0017630000365898013
1,0,87,135,0,31,11,0.0017529999604448676
1,0,88,135,0,95,14,0.001762000028975308
1,0,89,135,0,75,5,0.001756999990902841
1,0,90,135,0,12,4,0.001765000051818788
1,0,91,135,0,14,5,0.0017549999756738544
1,0,92,135,0,24,6,0.0017160000279545784
1,0,93,135,0,32,12,0.0017549999756738544
1,0,94,135,0,44,6,0.001762000028975308
1,0,95,135,0,25,9,0.001769999973475933
1,0,96,135,0,39,10,0.0017659999430179596
1,0,97,135,0,55,13,0.0017900000093504786
1,0,98,135,0,93,16,0.0017709999810904264
1,0,99,135,0,106,13,0.0017610000213608146
1,0,100,135,0,70,14,0.0017630000365898013
1,0,101,135,0,73,10,0.001765000051818788
1,0,102,135,0,36,6,0.0017729999963194132
1,0,103,135,0,31,4,0.0017500000540167093
1,0,104,135,0,17,4,0.0017590000061318278
1,0,105,135,0,13,2,0.0017529999604448676
1,0,106,135,0,8,3,0.0017709999810904264
1,0,107,135,0,16,4,0.0017610000213608146
1,0,108,135,0,19,3,0.0017140000127255917
1,0,109,135,0,14,4,0.001765000051818788
1,0,110,135,0,21,5,0.0017640000442042947
1,0,111,135,0,24,3,0.0017529999604448676
1,0,112,135,0,15,3,0.0017610000213608146
1,0,113,135,0,19,5,0.0017549999756738544
1,0,114,135,0,20,1,0.001782999956049025
1,0,115,135,0,3,2,0.0017600000137463212
1,0,116,135,0,11,4,0.0017679999582469463
1,0,117,135,0,15,2,0.001706999959424138
1,0,118,135,0,8,4,0.0017519999528303742
1,0,119,135,0,19,3,0.0017509999452158809
1,0,120,135,0,12,2,0.0017740000039339066
1,0,121,135,0,13,5,0.0017529999604448676
1,0,122,135,0,34,5,0.001791000016964972
1,0,123,135,0,27,4,0.001753999968059361
1,0,124,135,0,19,3,0.0017689999658614397
1,0,125,135,0,16,5,0.0017610000213608146
1,0,126,135,0,22,5,0.0017689999658614397
1,0,127,135,0,30,4,0.001756999990902841
1,0,128,135,0,12,1,0.0017590000061318278
1,0,129,135,0,4,3,0.0017519999528303742
1,0,130,135,0,14,3,0.0017719999887049198
1,0,131,135,0,21,6,0.0017549999756738544
1,0,132,135,0,33,3,0.0017630000365898013
1,0,133,135,0,13,3,0.0017030000453814864
1,0,134,135,0,14,0,0.001753999968059361
1,1,0,135,356113442,65703192,1490832,1.1594849824905396
1,0,0,99,0,31332797,1290241,0.4052239954471588
1,0,1,99,0,6934437,128708,0.13907599449157715
1,0,2,99,0,816149,35368,0.02652299962937832
1,0,3,99,0,239949,17462,0.00773000018671155
1,0,4,99,0,117342,11789,0.004660999868065119
1,0,5,99,0,77174,10578,0.0036460000555962324
1,0,6,99,0,55397,8481,0.0031969998963177204
1,0,7,99,0,43009,7299,0.0028719999827444553
1,0,8,99,0,38080,4162,0.002618999918922782
1,0,9,99,0,23218,2552,0.00228599994443357
1,0,10,99,0,13952,1530,0.002099999925121665
1,0,11,99,0,7894,872,0.001988000003620982
1,0,12,99,0,4369,546,0.0018939999863505363
1,0,13,99,0,2987,388,0.0018400000408291817
1,0,14,99,0,2131,272,0.001829999964684248
1,0,15,99,0,1570,211,0.0017979999538511038
1,0,16,99,0,1420,156,0.0017930000321939588
1,0,17,99,0,1146,103,0.0054779998026788235
1,0,18,99,0,626,99,0.005408000200986862
1,0,19,99,0,659,92,0.005394999869167805
1,0,20,99,0,554,72,0.004052000120282173
1,0,21,99,0,467,50,0.002997000003233552
1,0,22,99,0,340,33,0.0030040000565350056
1,0,23,99,0,289,34,0.003148999996483326
1,0,24,99,0,259,17,0.0033110000658780336
1,0,25,99,0,134,13,0.0032919999212026596
1,0,26,99,0,61,10,0.002781999995931983
1,0,27,99,0,64,17,0.0022849999368190765
1,0,28,99,0,95,12,0.002280999906361103
1,0,29,99,0,62,11,0.0022780001163482666
1,0,30,99,0,54,12,0.002274000085890293
1,0,31,99,0,48,14,0.005421000067144632
1,0,32,99,0,71,13,0.005218000151216984
1,0,33,99,0,54,10,0.004044000059366226
1,0,34,99,0,22,4,0.004048999864608049
1,0,35,99,0,19,6,0.003309000050649047
1,0,36,99,0,23,6,0.0029980000108480453
1,0,37,99,0,30,9,0.0029849999118596315
1,0,38,99,0,42,6,0.0028059999458491802
1,0,39,99,0,20,4,0.002383999992161989
1,0,40,99,0,18,4,0.002372999908402562
1,0,41,99,0,7,3,0.0023759999312460423
1,0,42,99,0,12,3,0.002328000031411648
1,0,43,99,0,16,6,0.0017430000007152557
1,0,44,99,0,26,3,0.0017450000159442425
1,0,45,99,0,15,5,0.0017480000387877226
1,0,46,99,0,20,4,0.0017500000540167093
1,0,47,99,0,13,2,0.0017450000159442425
1,0,48,99,0,8,4,0.0017480000387877226
1,0,49,99,0,13,2,0.001715000020340085
1,0,50,99,0,11,5,0.001744000008329749
1,0,51,99,0,28,4,0.0017480000387877226
1,0,52,99,0,15,3,0.005417999811470509
1,0,53,99,0,6,1,0.005381000228226185
1,0,54,99,0,1,1,0.004800000227987766
1,0,55,99,0,3,3,0.0036090000066906214
1,0,56,99,0,11,5,0.0026859999634325504
1,0,57,99,0,27,5,0.0023880000226199627
1,0,58,99,0,19,2,0.003074999898672104
1,0,59,99,0,7,4,0.0031220000237226486
1,0,60,99,0,16,3,0.0031240000389516354
1,0,61,99,0,8,3,0.0024470000062137842
1,0,62,99,0,8,5,0.00228299992159009
1,0,63,99,0,25,4,0.00227600010111928
1,0,64,99,0,20,5,0.0022619999945163727
1,0,65,99,0,15,1,0.0022269999608397484
1,0,66,99,0,4,4,0.0017509999452158809
1,0,67,99,0,12,2,0.0017229999648407102
1,0,68,99,0,5,3,0.0017460000235587358
1,0,69,99,0,9,5,0.0017480000387877226
1,0,70,99,0,34,6,0.001756999990902841
1,0,71,99,0,34,4,0.001749000046402216
1,0,72,99,0,12,3,0.0017610000213608146
1,0,73,99,0,14,4,0.0017529999604448676
1,0,74,99,0,7,1,0.0017079999670386314
1,0,75,99,0,3,3,0.0017470000311732292
1,0,76,99,0,13,5,0.0017640000442042947
1,0,77,99,0,21,3,0.0017509999452158809
1,0,78,99,0,14,6,0.0017590000061318278
1,0,79,99,0,36,8,0.0017559999832883477
1,0,80,99,0,48,4,0.0017549999756738544
1,0,81,99,0,13,2,0.0017689999658614397
1,0,82,99,0,8,5,0.0017519999528303742
1,0,83,99,0,31,6,0.0017030000453814864
1,0,84,99,0,25,4,0.0017450000159442425
1,0,85,99,0,23,6,0.0017519999528303742
1,0,86,99,0,26,5,0.0017549999756738544
1,0,87,99,0,32,6,0.0017689999658614397
1,0,88,99,0,24,4,0.0017839999636635184
1,0,89,99,0,15,3,0.001753999968059361
1,0,90,99,0,8,2,0.0017089999746531248
1,0,91,99,0,7,3,0.0017389999702572823
1,0,92,99,0,18,5,0.0017549999756738544
1,0,93,99,0,14,1,0.001753999968059361
1,0,94,99,0,6,5,0.0017509999452158809
1,0,95,99,0,25,5,0.0017519999528303742
1,0,96,99,0,34,7,0.0017559999832883477
1,0,97,99,0,36,4,0.0017579999985173345
1,0,98,99,0,6,0,0.0017509999452158809
1,1,0,99,329864867,52682696,1282107,1.137105941772461
1,0,0,197,0,30651617,1129091,0.3202489912509918
1,0,1,197,0,6167945,99328,0.09152700006961823
1,0,2,197,0,607804,28249,0.015212999656796455
1,0,3,197,0,193659,16639,0.006372999865561724
1,0,4,197,0,110572,12266,0.004277000203728676
1,0,5,197,0,75305,8081,0.003389999968931079
1,0,6,197,0,51025,5368,0.0028550000861287117
1,0,7,197,0,36289,3257,0.0025059999898076057
1,0,8,197,0,24787,2442,0.0023060000967234373
1,0,9,197,0,21439,1984,0.002142000012099743
1,0,10,197,0,18278,1466,0.002041999949142337
1,0,11,197,0,16163,1299,0.0020389999262988567
1,0,12,197,0,14777,1078,0.0020310000982135534
1,0,13,197,0,14183,1018,0.001959000015631318
1,0,14,197,0,13043,727,0.0018899999558925629
1,0,15,197,0,10609,559,0.0018919999711215496
1,0,16,197,0,8847,498,0.0018599999602884054
1,0,17,197,0,7817,355,0.0018629999831318855
1,0,18,197,0,5593,297,0.0018309999722987413
1,0,19,197,0,4801,203,0.0018189999973401427
1,0,20,197,0,3033,184,0.0017999999690800905
1,0,21,197,0,2704,153,0.0017399999778717756
1,0,22,197,0,2026,126,0.00177800003439188
1,0,23,197,0,1625,108,0.0017460000235587358
1,0,24,197,0,1497,91,0.0017890000017359853
1,0,25,197,0,1244,88,0.0017630000365898013
1,0,26,197,0,1293,70,0.0017790000420063734
1,0,27,197,0,805,54,0.0017709999810904264
1,0,28,197,0,412,50,0.0017709999810904264
1,0,29,197,0,330,47,0.0017659999430179596
1,0,30,197,0,256,37,0.0017229999648407102
1,0,31,197,0,214,42,0.0017529999604448676
1,0,32,197,0,268,43,0.0017399999778717756
1,0,33,197,0,237,30,0.0017689999658614397
1,0,34,197,0,178,38,0.0017689999658614397
1,0,35,197,0,231,36,0.0017839999636635184
1,0,36,197,0,225,31,0.0017679999582469463
1,0,37,197,0,158,27,0.0017709999810904264
1,0,38,197,0,141,29,0.0017890000017359853
1,0,39,197,0,168,28,0.0017140000127255917
1,0,40,197,0,163,33,0.0017559999832883477
1,0,41,197,0,190,26,0.0017170000355690718
1,0,42,197,0,138,29,0.001762000028975308
1,0,43,197,0,166,27,0.0017610000213608146
1,0,44,197,0,117,21,0.0017630000365898013
1,0,45,197,0,131,27,0.0017600000137463212
1,0,46,197,0,146,23,0.0017209999496117234
1,0,47,197,0,122,29,0.001749000046402216
1,0,48,197,0,165,26,0.0017170000355690718
1,0,49,197,0,134,19,0.0017549999756738544
1,0,50,197,0,97,17,0.0017610000213608146
1,0,51,197,0,120,25,0.0018129999516531825
1,0,52,197,0,155,18,0.001766999950632453
1,0,53,197,0,111,20,0.001762000028975308
1,0,54,197,0,117,18,0.001766999950632453
1,0,55,197,0,103,21,0.0017130000051110983
1,0,56,197,0,125,19,0.0017579999985173345
1,0,57,197,0,117,18,0.001715000020340085
1,0,58,197,0,99,16,0.001765000051818788
1,0,59,197,0,102,20,0.001756999990902841
1,0,60,197,0,129,17,0.001765000051818788
1,0,61,197,0,78,13,0.0017590000061318278
1,0,62,197,0,76,14,0.0017300000181421638
1,0,63,197,0,72,13,0.0017810000572353601
1,0,64,197,0,80,18,0.0017180000431835651
1,0,65,197,0,100,14,0.0017579999985173345
1,0,66,197,0,76,14,0.001740999985486269
1,0,67,197,0,73,14,0.001756999990902841
1,0,68,197,0,75,18,0.0017600000137463212
1,0,69,197,0,114,19,0.0017600000137463212
1,0,70,197,0,109,15,0.001766999950632453
1,0,71,197,0,84,15,0.0017160000279545784
1,0,72,197,0,93,14,0.001756999990902841
1,0,73,197,0,84,9,0.0017190000507980585
1,0,74,197,0,44,12,0.0017679999582469463
1,0,75,197,0,61,11,0.0017549999756738544
1,0,76,197,0,65,14,0.0018070000223815441
1,0,77,197,0,84,11,0.001765000051818788
1,0,78,197,0,68,12,0.0017709999810904264
1,0,79,197,0,68,11,0.001762000028975308
1,0,80,197,0,61,13,0.0017209999496117234
1,0,81,197,0,97,19,0.0017500000540167093
1,0,82,197,0,128,12,0.0017219999572262168
1,0,83,197,0,85,15,0.0017610000213608146
1,0,84,197,0,98,10,0.0017640000442042947
1,0,85,197,0,49,10,0.0017559999832883477
1,0,86,197,0,60,13,0.0017640000442042947
1,0,87,197,0,84,12,0.00204299995675683
1,0,88,197,0,64,10,0.001765000051818788
1,0,89,197,0,46,7,0.0017320000333711505
1,0,90,197,0,29,9,0.0017579999985173345
1,0,91,197,0,50,13,0.0017600000137463212
1,0,92,197,0,61,8,0.001762000028975308
1,0,93,197,0,46,15,0.001753999968059361
1,0,94,197,0,103,15,0.0017610000213608146
1,0,95,197,0,91,11,0.0017519999528303742
1,0,96,197,0,81,10,0.001769999973475933
1,0,97,197,0,48,6,0.0017529999604448676
1,0,98,197,0,28,5,0.001711999997496605
1,0,99,197,0,29,9,0.0017480000387877226
1,0,100,197,0,59,15,0.0017590000061318278
1,0,101,197,0,95,16,0.0017600000137463212
1,0,102,197,0,91,14,0.0017979999538511038
1,0,103,197,0,72,12,0.0017579999985173345
1,0,104,197,0,54,8,0.001765000051818788
1,0,105,197,0,41,13,0.001756999990902841
1,0,106,197,0,70,10,0.001762000028975308
1,0,107,197,0,69,19,0.0017079999670386314
1,0,108,197,0,130,17,0.0017590000061318278
1,0,109,197,0,82,7,0.0017529999604448676
1,0,110,197,0,28,9,0.0018019999843090773
1,0,111,197,0,43,7,0.0017610000213608146
1,0,112,197,0,24,5,0.0017630000365898013
1,0,113,197,0,22,6,0.0017590000061318278
1,0,114,197,0,25,7,0.0017640000442042947
1,0,115,197,0,36,7,0.0017859999788925052
1,0,116,197,0,40,8,0.001769999973475933
1,0,117,197,0,38,6,0.0017590000061318278
1,0,118,197,0,30,4,0.0017600000137463212
1,0,119,197,0,15,4,0.0017519999528303742
1,0,120,197,0,11,2,0.0017630000365898013
1,0,121,197,0,8,4,0.0017130000051110983
1,0,122,197,0,15,5,0.0017519999528303742
1,0,123,197,0,12,4,0.0017089999746531248
1,0,124,197,0,15,3,0.0017610000213608146
1,0,125,197,0,11,3,0.0017630000365898013
1,0,126,197,0,12,3,0.0017630000365898013
1,0,127,197,0,12,3,0.0017810000572353601
1,0,128,197,0,13,4,0.001765000051818788
1,0,129,197,0,20,5,0.001756999990902841
1,0,130,197,0,30,5,0.001766999950632453
1,0,131,197,0,16,3,0.0017579999985173345
1,0,132,197,0,15,5,0.001711999997496605
1,0,133,197,0,15,3,0.001753999968059361
1,0,134,197,0,18,5,0.0017610000213608146
1,0,135,197,0,31,5,0.001765000051818788
1,0,136,197,0,22,5,0.0017590000061318278
1,0,137,197,0,20,4,0.0017750000115484
1,0,138,197,0,7,4,0.0017590000061318278
1,0,139,197,0,16,6,0.0017590000061318278
1,0,140,197,0,25,3,0.0017859999788925052
1,0,141,197,0,19,8,0.0017659999430179596
1,0,142,197,0,47,4,0.0017640000442042947
1,0,143,197,0,13,4,0.001756999990902841
1,0,144,197,0,16,6,0.0017600000137463212
1,0,145,197,0,19,5,0.0017559999832883477
1,0,146,197,0,20,3,0.0017140000127255917
1,0,147,197,0,13,4,0.0017460000235587358
1,0,148,197,0,20,4,0.0017610000213608146
1,0,149,197,0,10,3,0.001766999950632453
1,0,150,197,0,13,4,0.0017559999832883477
1,0,151,197,0,12,4,0.0017579999985173345
1,0,152,197,0,18,4,0.001762000028975308
1,0,153,197,0,9,1,0.0017869999865069985
1,0,154,197,0,3,3,0.0017600000137463212
1,0,155,197,0,13,4,0.0017079999670386314
1,0,156,197,0,15,3,0.001749000046402216
1,0,157,197,0,11,3,0.0017600000137463212
1,0,158,197,0,26,8,0.001769999973475933
1,0,159,197,0,46,3,0.0017519999528303742
1,0,160,197,0,6,2,0.001756999990902841
1,0,161,197,0,7,3,0.0017600000137463212
1,0,162,197,0,14,5,0.0017659999430179596
1,0,163,197,0,13,2,0.0017610000213608146
1,0,164,197,0,6,3,0.0017209999496117234
1,0,165,197,0,12,4,0.0017450000159442425
1,0,166,197,0,20,7,0.0017839999636635184
1,0,167,197,0,35,3,0.0017590000061318278
1,0,168,197,0,9,3,0.0017559999832883477
1,0,169,197,0,11,4,0.0017549999756738544
1,0,170,197,0,14,3,0.001756999990902841
1,0,171,197,0,11,5,0.0017549999756738544
1,0,172,197,0,22,3,0.0017600000137463212
1,0,173,197,0,13,6,0.0017059999518096447
1,0,174,197,0,24,2,0.0017579999985173345
1,0,175,197,0,6,3,0.0017529999604448676
1,0,176,197,0,14,5,0.0017689999658614397
1,0,177,197,0,29,5,0.0017549999756738544
1,0,178,197,0,16,3,0.0018139999592676759
1,0,179,197,0,10,6,0.0017689999658614397
1,0,180,197,0,26,3,0.001769999973475933
1,0,181,197,0,9,3,0.0017640000442042947
1,0,182,197,0,11,4,0.0026970000471919775
1,0,183,197,0,19,5,0.18943800032138824
1,0,184,197,0,24,7,0.010974000208079815
1,0,185,197,0,35,4,0.005098999943584204
1,0,186,197,0,11,2,0.0036359999794512987
1,0,187,197,0,5,3,0.0037189999129623175
1,0,188,197,0,8,3,0.0036929999478161335
1,0,189,197,0,11,3,0.00369199994020164
1,0,190,197,0,8,5,0.0036929999478161335
1,0,191,197,0,33,6,0.003630999941378832
1,0,192,197,0,33,5,0.0036410000175237656
1,0,193,197,0,19,3,0.003628999926149845
1,0,194,197,0,14,5,0.0036200000904500484
1,0,195,197,0,21,4,0.0037219999358057976
1,0,196,197,0,6,0,0.0036329999566078186
1,1,0,197,306979456,48616196,1146697,1.3462799787521362
1,0,0,89,0,19711085,679972,0.15925000607967377
1,0,1,89,0,3720939,112155,0.07778300344944
1,0,2,89,0,637283,31844,0.010200999677181244
1,0,3,89,0,196262,14250,0.004846000112593174
1,0,4,89,0,97159,8274,0.0030690000858157873
1,0,5,89,0,58026,5560,0.0023399998899549246
1,0,6,89,0,41046,4104,0.002094999887049198
1,0,7,89,0,29265,3573,0.0020409999415278435
1,0,8,89,0,24240,3819,0.002013999968767166
1,0,9,89,0,20887,4238,0.0019920000340789557
1,0,10,89,0,19764,4381,0.0016609999584034085
1,0,11,89,0,19862,3516,0.0015330000314861536
1,0,12,89,0,17749,2261,0.0014189999783411622
1,0,13,89,0,15535,1295,0.001475999946705997
1,0,14,89,0,11260,947,0.0014730000402778387
1,0,15,89,0,11528,678,0.0015539999585598707
1,0,16,89,0,9096,613,0.0038620000705122948
1,0,17,89,0,9041,412,0.0013589999871328473
1,0,18,89,0,5904,432,0.0012779999524354935
1,0,19,89,0,6638,334,0.0012440000427886844
1,0,20,89,0,4679,368,0.0012509999796748161
1,0,21,89,0,5176,253,0.0012669999850913882
1,0,22,89,0,3757,263,0.0012679999927058816
1,0,23,89,0,3328,172,0.001269000000320375
1,0,24,89,0,2206,201,0.001348000019788742
1,0,25,89,0,2166,182,0.001415999955497682
1,0,26,89,0,2225,132,0.0012469999492168427
1,0,27,89,0,1859,104,0.0013970000436529517
1,0,28,89,0,1665,88,0.0012240000069141388
1,0,29,89,0,1557,101,0.0013229999458417296
1,0,30,89,0,1726,86,0.0012440000427886844
1,0,31,89,0,1596,88,0.001214000047184527
1,0,32,89,0,1599,65,0.001243000035174191
1,0,33,89,0,1054,51,0.0011259999591857195
1,0,34,89,0,795,48,0.0012080000014975667
1,0,35,89,0,749,47,0.0012159999459981918
1,0,36,89,0,806,46,0.0011899999808520079
1,0,37,89,0,775,35,0.0011259999591857195
1,0,38,89,0,645,38,0.0013259999686852098
1,0,39,89,0,712,34,0.0012120000319555402
1,0,40,89,0,546,32,0.0012779999524354935
1,0,41,89,0,452,19,0.0011840000515803695
1,0,42,89,0,228,14,0.0011879999656230211
1,0,43,89,0,166,16,0.0011350000277161598
1,0,44,89,0,156,7,0.0011309999972581863
1,0,45,89,0,100,10,0.00120900000911206
1,0,46,89,0,164,4,0.0011129999766126275
1,0,47,89,0,35,5,0.001129999989643693
1,0,48,89,0,76,7,0.0012130000395700336
1,0,49,89,0,29,2,0.001091000041924417
1,0,50,89,0,15,8,0.001167000038549304
1,0,51,89,0,43,5,0.001129999989643693
1,0,52,89,0,24,3,0.001366000040434301
1,0,53,89,0,5,2,0.0012390000047162175
1,0,54,89,0,10,5,0.0010989999864250422
1,0,55,89,0,23,5,0.0011879999656230211
1,0,56,89,0,21,3,0.0011729999678209424
1,0,57,89,0,13,5,0.0011360000353306532
1,0,58,89,0,27,4,0.0012369999894872308
1,0,59,89,0,19,5,0.0011879999656230211
1,0,60,89,0,23,4,0.001129999989643693
1,0,61,89,0,18,4,0.0011360000353306532
1,0,62,89,0,16,3,0.0011569999624043703
1,0,63,89,0,10,3,0.0012029999634250998
1,0,64,89,0,19,8,0.0011909999884665012
1,0,65,89,0,52,5,0.0013899999903514981
1,0,66,89,0,18,7,0.0011210000375285745
1,0,67,89,0,18,2,0.0014900000533089042
1,0,68,89,0,7,5,0.0011790000135079026
1,0,69,89,0,18,2,0.0011620000004768372
1,0,70,89,0,7,4,0.0012130000395700336
1,0,71,89,0,12,2,0.0012110000243410468
1,0,72,89,0,8,4,0.001290000043809414
1,0,73,89,0,17,3,0.0016690000193193555
1,0,74,89,0,7,3,0.0012019999558106065
1,0,75,89,0,1,1,0.0012069999938830733
1,0,76,89,0,3,3,0.00133200001437217
1,0,77,89,0,16,7,0.0011950000189244747
1,0,78,89,0,18,5,0.0012450000504031777
1,0,79,89,0,17,2,0.0014329999685287476
1,0,80,89,0,7,3,0.0013879999751225114
1,0,81,89,0,13,4,0.0012659999774768949
1,0,82,89,0,11,2,0.0011950000189244747
1,0,83,89,0,5,3,0.0011899999808520079
1,0,84,89,0,10,4,0.0012150000547990203
1,0,85,89,0,18,4,0.001184999942779541
1,0,86,89,0,15,3,0.001382000045850873
1,0,87,89,0,13,7,0.0016049999976530671
1,0,88,89,0,18,0,0.0012120000319555402
1,1,0,89,281871208,32221978,781289,0.674223005771637
1,0,0,229,0,20695509,640429,0.2572749853134155
1,0,1,229,0,3570154,109867,0.061218999326229095
1,0,2,229,0,651266,34301,0.016524000093340874
1,0,3,229,0,220496,17352,0.007222000043839216
1,0,4,229,0,111414,13625,0.004416999872773886
1,0,5,229,0,76204,10350,0.0034469999372959137
1,0,6,229,0,52745,7527,0.002885000081732869
1,0,7,229,0,42633,4049,0.0025740000419318676
1,0,8,229,0,22734,2403,0.002222999930381775
1,0,9,229,0,17618,1524,0.002078999998047948
1,0,10,229,0,12163,1038,0.001970000099390745
1,0,11,229,0,7464,703,0.0019069999689236283
1,0,12,229,0,6830,416,0.001858999952673912
1,0,13,229,0,3854,304,0.0018240000354126096
1,0,14,229,0,3048,241,0.0018070000223815441
1,0,15,229,0,2472,205,0.0017950000474229455
1,0,16,229,0,1878,165,0.0017389999702572823
1,0,17,229,0,1530,164,0.0017689999658614397
1,0,18,229,0,1511,137,0.0017760000191628933
1,0,19,229,0,1207,144,0.0017800000496208668
1,0,20,229,0,1291,107,0.0017960000550374389
1,0,21,229,0,987,111,0.0017800000496208668
1,0,22,229,0,1068,69,0.0017630000365898013
1,0,23,229,0,565,82,0.0017709999810904264
1,0,24,229,0,922,127,0.0017640000442042947
1,0,25,229,0,1194,93,0.0017239999724552035
1,0,26,229,0,973,65,0.0017630000365898013
1,0,27,229,0,548,66,0.0017689999658614397
1,0,28,229,0,660,81,0.001765000051818788
1,0,29,229,0,824,54,0.0017679999582469463
1,0,30,229,0,528,39,0.001762000028975308
1,0,31,229,0,385,28,0.0017679999582469463
1,0,32,229,0,284,30,0.001753999968059361
1,0,33,229,0,338,39,0.0017900000093504786
1,0,34,229,0,508,43,0.0017170000355690718
1,0,35,229,0,536,56,0.001766999950632453
1,0,36,229,0,756,43,0.001756999990902841
1,0,37,229,0,512,36,0.001769999973475933
1,0,38,229,0,386,33,0.0017579999985173345
1,0,39,229,0,364,29,0.001762000028975308
1,0,40,229,0,261,23,0.0017559999832883477
1,0,41,229,0,164,21,0.0017610000213608146
1,0,42,229,0,211,23,0.001765000051818788
1,0,43,229,0,313,32,0.0017190000507980585
1,0,44,229,0,360,24,0.0017219999572262168
1,0,45,229,0,262,19,0.0017659999430179596
1,0,46,229,0,206,21,0.0017960000550374389
1,0,47,229,0,198,19,0.0017640000442042947
1,0,48,229,0,214,23,0.0017600000137463212
1,0,49,229,0,295,21,0.001765000051818788
1,0,50,229,0,205,14,0.0017089999746531248
1,0,51,229,0,78,12,0.001749000046402216
1,0,52,229,0,59,15,0.0017579999985173345
1,0,53,229,0,60,10,0.0017549999756738544
1,0,54,229,0,55,14,0.0017040000529959798
1,0,55,229,0,77,13,0.0017209999496117234
1,0,56,229,0,71,14,0.0017109999898821115
1,0,57,229,0,88,14,0.0016680000117048621
1,0,58,229,0,92,14,0.0016680000117048621
1,0,59,229,0,78,12,0.0016700000269338489
1,0,60,229,0,59,12,0.0016959999920800328
1,0,61,229,0,62,12,0.001661999966017902
1,0,62,229,0,66,13,0.0016720000421628356
1,0,63,229,0,63,15,0.0017590000061318278
1,0,64,229,0,74,10,0.0017529999604448676
1,0,65,229,0,48,11,0.0017590000061318278
1,0,66,229,0,62,12,0.001715000020340085
1,0,67,229,0,55,13,0.0017549999756738544
1,0,68,229,0,58,13,0.0017470000311732292
1,0,69,229,0,74,14,0.0017549999756738544
1,0,70,229,0,76,15,0.0017529999604448676
1,0,71,229,0,79,11,0.0017330000409856439
1,0,72,229,0,38,7,0.0017389999702572823
1,0,73,229,0,41,14,0.0017140000127255917
1,0,74,229,0,82,13,0.0017549999756738544
1,0,75,229,0,76,16,0.0017640000442042947
1,0,76,229,0,89,11,0.0017519999528303742
1,0,77,229,0,48,6,0.001756999990902841
1,0,78,229,0,25,7,0.0017590000061318278
1,0,79,229,0,33,6,0.0017740000039339066
1,0,80,229,0,24,6,0.001706999959424138
1,0,81,229,0,34,7,0.0017659999430179596
1,0,82,229,0,41,7,0.0017529999604448676
1,0,83,229,0,37,9,0.0017610000213608146
1,0,84,229,0,23,6,0.0017770000267773867
1,0,85,229,0,30,8,0.0017600000137463212
1,0,86,229,0,25,3,0.0017559999832883477
1,0,87,229,0,20,5,0.0017590000061318278
1,0,88,229,0,35,6,0.0017500000540167093
1,0,89,229,0,32,4,0.0017099999822676182
1,0,90,229,0,19,5,0.0017600000137463212
1,0,91,229,0,21,3,0.0017849999712780118
1,0,92,229,0,11,3,0.0017509999452158809
1,0,93,229,0,10,4,0.001756999990902841
1,0,94,229,0,28,5,0.0017709999810904264
1,0,95,229,0,29,4,0.0017549999756738544
1,0,96,229,0,28,6,0.001706999959424138
1,0,97,229,0,19,1,0.0018439999548718333
1,0,98,229,0,1,1,0.001706999959424138
1,0,99,229,0,1,1,0.0017659999430179596
1,0,100,229,0,6,6,0.0017480000387877226
1,0,101,229,0,19,2,0.0017590000061318278
1,0,102,229,0,3,1,0.001756999990902841
1,0,103,229,0,4,4,0.0017640000442042947
1,0,104,229,0,21,4,0.001749000046402216
1,0,105,229,0,19,4,0.0017130000051110983
1,0,106,229,0,14,3,0.0017430000007152557
1,0,107,229,0,8,3,0.0017519999528303742
1,0,108,229,0,11,4,0.0055229999125003815
1,0,109,229,0,16,3,0.005377000197768211
1,0,110,229,0,8,4,0.0036869999021291733
1,0,111,229,0,25,6,0.0036100000143051147
1,0,112,229,0,24,3,0.0030759999062865973
1,0,113,229,0,7,1,0.0029819998890161514
1,0,114,229,0,4,4,0.0035459999926388264
1,0,115,229,0,25,5,0.0029750000685453415
1,0,116,229,0,21,5,0.002339000115171075
1,0,117,229,0,21,2,0.0023089998867362738
1,0,118,229,0,6,2,0.002308000111952424
1,0,119,229,0,8,4,0.0023109999019652605
1,0,120,229,0,27,6,0.004315999802201986
1,0,121,229,0,29,4,0.004635999910533428
1,0,122,229,0,20,4,0.0038139999378472567
1,0,123,229,0,18,3,0.003106999909505248
1,0,124,229,0,5,1,0.003106999909505248
1,0,125,229,0,1,1,0.0025369999930262566
1,0,126,229,0,7,7,0.0029410000424832106
1,0,127,229,0,40,3,0.00292899995110929
1,0,128,229,0,9,4,0.002968000015243888
1,0,129,229,0,19,4,0.002256999956443906
1,0,130,229,0,14,4,0.0021609999239444733
1,0,131,229,0,12,3,0.0021649999544024467
1,0,132,229,0,16,5,0.002157999901100993
1,0,133,229,0,16,2,0.002174000022932887
1,0,134,229,0,7,4,0.0017369999550282955
1,0,135,229,0,14,3,0.0016959999920800328
1,0,136,229,0,10,4,0.0017229999648407102
1,0,137,229,0,15,3,0.0017430000007152557
1,0,138,229,0,10,2,0.0017290000105276704
1,0,139,229,0,6,3,0.0017389999702572823
1,0,140,229,0,17,4,0.0017500000540167093
1,0,141,229,0,5,2,0.0017610000213608146
1,0,142,229,0,13,6,0.001765000051818788
1,0,143,229,0,29,4,0.0017529999604448676
1,0,144,229,0,13,4,0.0017040000529959798
1,0,145,229,0,21,5,0.001769999973475933
1,0,146,229,0,19,3,0.0017500000540167093
1,0,147,229,0,10,3,0.0017689999658614397
1,0,148,229,0,3,1,0.0017590000061318278
1,0,149,229,0,3,3,0.001765000051818788
1,0,150,229,0,10,3,0.0017470000311732292
1,0,151,229,0,14,5,0.001756999990902841
1,0,152,229,0,25,5,0.001749000046402216
1,0,153,229,0,29,6,0.0017869999865069985
1,0,154,229,0,28,3,0.0017500000540167093
1,0,155,229,0,11,5,0.0017509999452158809
1,0,156,229,0,30,5,0.0017500000540167093
1,0,157,229,0,28,5,0.0017610000213608146
1,0,158,229,0,26,4,0.0017160000279545784
1,0,159,229,0,15,3,0.0017460000235587358
1,0,160,229,0,17,5,0.001753999968059361
1,0,161,229,0,26,3,0.00177800003439188
1,0,162,229,0,5,1,0.0017470000311732292
1,0,163,229,0,6,6,0.005421000067144632
1,0,164,229,0,30,4,0.005164999980479479
1,0,165,229,0,23,5,0.004315000027418137
1,0,166,229,0,31,5,0.004310999996960163
1,0,167,229,0,12,1,0.003229999914765358
1,0,168,229,0,4,3,0.003234999952837825
1,0,169,229,0,12,3,0.0030010000336915255
1,0,170,229,0,10,2,0.0028699999675154686
1,0,171,229,0,11,5,0.0023930000606924295
1,0,172,229,0,30,4,0.002392000053077936
1,0,173,229,0,11,1,0.0023900000378489494
1,0,174,229,0,2,2,0.0023709998931735754
1,0,175,229,0,9,4,0.001762000028975308
1,0,176,229,0,19,5,0.0017529999604448676
1,0,177,229,0,30,7,0.0017549999756738544
1,0,178,229,0,30,3,0.001766999950632453
1,0,179,229,0,13,4,0.0017760000191628933
1,0,180,229,0,16,5,0.0017480000387877226
1,0,181,229,0,21,5,0.0017559999832883477
1,0,182,229,0,35,6,0.0017590000061318278
1,0,183,229,0,33,4,0.0017160000279545784
1,0,184,229,0,19,4,0.0017369999550282955
1,0,185,229,0,18,3,0.0017590000061318278
1,0,186,229,0,12,5,0.0017679999582469463
1,0,187,229,0,22,4,0.0017600000137463212
1,0,188,229,0,16,5,0.005429999902844429
1,0,189,229,0,24,3,0.005375000182539225
1,0,190,229,0,8,2,0.005317999981343746
1,0,191,229,0,9,5,0.003942000214010477
1,0,192,229,0,26,5,0.0036430000327527523
1,0,193,229,0,22,4,0.0031240000389516354
1,0,194,229,0,19,4,0.004062999971210957
1,0,195,229,0,17,6,0.004052000120282173
1,0,196,229,0,29,4,0.0035099999513477087
1,0,197,229,0,19,3,0.002773999935016036
1,0,198,229,0,10,2,0.002753000007942319
1,0,199,229,0,13,6,0.0027600000612437725
1,0,200,229,0,21,1,0.0022299999836832285
1,0,201,229,0,4,4,0.002139999996870756
1,0,202,229,0,14,2,0.0021510000806301832
1,0,203,229,0,4,3,0.0021470000501722097
1,0,204,229,0,12,3,0.0021430000197142363
1,0,205,229,0,8,4,0.0017689999658614397
1,0,206,229,0,16,3,0.0017590000061318278
1,0,207,229,0,12,4,0.0017529999604448676
1,0,208,229,0,10,2,0.0017640000442042947
1,0,209,229,0,6,3,0.0017630000365898013
1,0,210,229,0,11,4,0.0017640000442042947
1,0,211,229,0,11,3,0.005609999876469374
1,0,212,229,0,9,3,0.005522000137716532
1,0,213,229,0,13,4,0.00469199987128377
1,0,214,229,0,25,6,0.0044570001773536205
1,0,215,229,0,25,4,0.0030269999988377094
1,0,216,229,0,12,1,0.0029140000697225332
1,0,217,229,0,2,2,0.002919000107795
1,0,218,229,0,5,2,0.0026179999113082886
1,0,219,229,0,9,4,0.0025969999842345715
1,0,220,229,0,21,5,0.00254100002348423
1,0,221,229,0,27,5,0.002587999915704131
1,0,222,229,0,21,4,0.0020749999675899744
1,0,223,229,0,14,5,0.0020119999535381794
1,0,224,229,0,25,4,0.0020119999535381794
1,0,225,229,0,17,6,0.0020169999916106462
1,0,226,229,0,32,4,0.002002999885007739
1,0,227,229,0,15,2,0.0017529999604448676
1,0,228,229,0,7,0,0.0017630000365898013
1,1,0,229,293056585,31584208,777184,1.2460570335388184
1,0,0,268,0,23950882,703385,0.3413209915161133
1,0,1,268,0,3664837,89509,0.08790399879217148
1,0,2,268,0,479699,22531,0.014595000073313713
1,0,3,268,0,138406,10068,0.0056779999285936356
1,0,4,268,0,70750,8165,0.0034630000591278076
1,0,5,268,0,66609,6483,0.002982999896630645
1,0,6,268,0,46772,3940,0.002592999953776598
1,0,7,268,0,23279,2353,0.002297000028192997
1,0,8,268,0,13389,1591,0.0020840000361204147
1,0,9,268,0,8664,1367,0.0019440000178292394
1,0,10,268,0,7646,914,0.0019399999873712659
1,0,11,268,0,4442,593,0.0018840000266209245
1,0,12,268,0,3385,649,0.0018560000462457538
1,0,13,268,0,6279,429,0.0018550000386312604
1,0,14,268,0,1793,294,0.001825000043027103
1,0,15,268,0,1509,250,0.0018050000071525574
1,0,16,268,0,1171,150,0.0017969999462366104
1,0,17,268,0,613,110,0.001766999950632453
1,0,18,268,0,525,58,0.00177800003439188
1,0,19,268,0,218,55,0.0017790000420063734
1,0,20,268,0,210,34,0.0017640000442042947
1,0,21,268,0,173,45,0.0017509999452158809
1,0,22,268,0,146,29,0.0017180000431835651
1,0,23,268,0,124,28,0.0017600000137463212
1,0,24,268,0,123,23,0.0017709999810904264
1,0,25,268,0,100,24,0.0017659999430179596
1,0,26,268,0,76,19,0.001756999990902841
1,0,27,268,0,93,36,0.001756999990902841
1,0,28,268,0,183,20,0.0017610000213608146
1,0,29,268,0,74,22,0.0017529999604448676
1,0,30,268,0,84,18,0.001766999950632453
1,0,31,268,0,78,18,0.0017099999822676182
1,0,32,268,0,84,16,0.0017849999712780118
1,0,33,268,0,60,10,0.001749000046402216
1,0,34,268,0,34,9,0.005435999948531389
1,0,35,268,0,41,13,0.0053610000759363174
1,0,36,268,0,50,9,0.0036100000143051147
1,0,37,268,0,37,11,0.0036090000066906214
1,0,38,268,0,53,12,0.0032500000670552254
1,0,39,268,0,43,11,0.0029810001142323017
1,0,40,268,0,48,11,0.002974000060930848
1,0,41,268,0,46,11,0.0029730000533163548
1,0,42,268,0,48,12,0.0023040000814944506
1,0,43,268,0,48,12,0.002240000059828162
1,0,44,268,0,42,10,0.002199999988079071
1,0,45,268,0,44,13,0.0022539999336004257
1,0,46,268,0,51,10,0.0021180000621825457
1,0,47,268,0,45,14,0.0017310000257566571
1,0,48,268,0,65,14,0.0017450000159442425
1,0,49,268,0,73,14,0.001749000046402216
1,0,50,268,0,51,10,0.001744000008329749
1,0,51,268,0,35,10,0.0017369999550282955
1,0,52,268,0,33,9,0.0017399999778717756
1,0,53,268,0,41,14,0.001756999990902841
1,0,54,268,0,58,10,0.0017610000213608146
1,0,55,268,0,58,18,0.001702000037766993
1,0,56,268,0,103,15,0.0017579999985173345
1,0,57,268,0,53,9,0.0017099999822676182
1,0,58,268,0,37,12,0.001791000016964972
1,0,59,268,0,42,10,0.0017480000387877226
1,0,60,268,0,54,15,0.005423999857157469
1,0,61,268,0,69,12,0.005365000106394291
1,0,62,268,0,53,14,0.00535999983549118
1,0,63,268,0,44,9,0.004147000145167112
1,0,64,268,0,45,15,0.002991999965161085
1,0,65,268,0,65,8,0.0029899999499320984
1,0,66,268,0,27,7,0.0032130000181496143
1,0,67,268,0,27,11,0.003289999905973673
1,0,68,268,0,42,12,0.0033289999701082706
1,0,69,268,0,55,13,0.0027940000873059034
1,0,70,268,0,57,16,0.002355000004172325
1,0,71,268,0,48,9,0.002368000103160739
1,0,72,268,0,47,16,0.002345999935641885
1,0,73,268,0,72,12,0.00228299992159009
1,0,74,268,0,50,11,0.0018029999919235706
1,0,75,268,0,50,12,0.00177800003439188
1,0,76,268,0,54,11,0.0017839999636635184
1,0,77,268,0,33,7,0.0017810000572353601
1,0,78,268,0,28,14,0.001791000016964972
1,0,79,268,0,58,12,0.0017679999582469463
1,0,80,268,0,63,16,0.0017109999898821115
1,0,81,268,0,70,11,0.0017470000311732292
1,0,82,268,0,32,8,0.0017590000061318278
1,0,83,268,0,32,9,0.0017819999484345317
1,0,84,268,0,35,11,0.0017559999832883477
1,0,85,268,0,25,5,0.0017600000137463212
1,0,86,268,0,21,8,0.001762000028975308
1,0,87,268,0,24,5,0.001753999968059361
1,0,88,268,0,20,9,0.0017600000137463212
1,0,89,268,0,37,7,0.001715000020340085
1,0,90,268,0,28,9,0.0017590000061318278
1,0,91,268,0,37,7,0.0017470000311732292
1,0,92,268,0,27,7,0.005419000051915646
1,0,93,268,0,38,10,0.005106000229716301
1,0,94,268,0,52,10,0.004606999922543764
1,0,95,268,0,36,5,0.004267000127583742
1,0,96,268,0,15,5,0.0030300000216811895
1,0,97,268,0,13,5,0.0029849999118596315
1,0,98,268,0,17,2,0.0029899999499320984
1,0,99,268,0,4,3,0.0028170000296086073
1,0,100,268,0,8,2,0.002764000091701746
1,0,101,268,0,11,6,0.0027580000460147858
1,0,102,268,0,28,4,0.002767999889329076
1,0,103,268,0,12,3,0.0019859999883919954
1,0,104,268,0,9,3,0.0019749999046325684
1,0,105,268,0,13,6,0.0019729998894035816
1,0,106,268,0,33,6,0.001978999935090542
1,0,107,268,0,24,4,0.0019759999122470617
1,0,108,268,0,15,5,0.0017790000420063734
1,0,109,268,0,25,5,0.0017300000181421638
1,0,110,268,0,16,3,0.0017579999985173345
1,0,111,268,0,9,3,0.001756999990902841
1,0,112,268,0,10,4,0.0017689999658614397
1,0,113,268,0,21,5,0.0017470000311732292
1,0,114,268,0,24,4,0.005427999887615442
1,0,115,268,0,20,8,0.005245000123977661
1,0,116,268,0,38,3,0.004308000206947327
1,0,117,268,0,15,5,0.004304999951273203
1,0,118,268,0,20,4,0.0032110000029206276
1,0,119,268,0,17,5,0.0032550001051276922
1,0,120,268,0,17,2,0.003011999884620309
1,0,121,268,0,7,4,0.0026889999862760305
1,0,122,268,0,19,4,0.0026400000788271427
1,0,123,268,0,13,3,0.0025130000431090593
1,0,124,268,0,14,6,0.002560999942943454
1,0,125,268,0,26,3,0.0020940001122653484
1,0,126,268,0,13,4,0.0018619999755173922
1,0,127,268,0,9,2,0.0018100000452250242
1,0,128,268,0,4,2,0.0018619999755173922
1,0,129,268,0,3,1,0.0018119999440386891
1,0,130,268,0,3,3,0.0018550000386312604
1,0,131,268,0,12,3,0.0017579999985173345
1,0,132,268,0,7,2,0.0017600000137463212
1,0,133,268,0,8,5,0.0017480000387877226
1,0,134,268,0,21,3,0.0017590000061318278
1,0,135,268,0,12,5,0.0017610000213608146
1,0,136,268,0,21,3,0.0017160000279545784
1,0,137,268,0,7,3,0.0017470000311732292
1,0,138,268,0,7,2,0.0017079999670386314
1,0,139,268,0,7,4,0.0017480000387877226
1,0,140,268,0,16,3,0.0017590000061318278
1,0,141,268,0,16,5,0.001762000028975308
1,0,142,268,0,24,4,0.0017610000213608146
1,0,143,268,0,18,3,0.0017679999582469463
1,0,144,268,0,8,3,0.0017590000061318278
1,0,145,268,0,18,7,0.001756999990902841
1,0,146,268,0,33,3,0.0017679999582469463
1,0,147,268,0,12,4,0.001766999950632453
1,0,148,268,0,16,4,0.001766999950632453
1,0,149,268,0,23,6,0.0017460000235587358
1,0,150,268,0,28,4,0.0017059999518096447
1,0,151,268,0,14,2,0.005510999821126461
1,0,152,268,0,3,1,0.005373999942094088
1,0,153,268,0,4,4,0.005127000156790018
1,0,154,268,0,19,5,0.0036069999914616346
1,0,155,268,0,14,2,0.0033370000310242176
1,0,156,268,0,6,3,0.003404000075533986
1,0,157,268,0,12,4,0.003278000047430396
1,0,158,268,0,13,3,0.003409000113606453
1,0,159,268,0,9,2,0.003108999924734235
1,0,160,268,0,5,2,0.0024319998919963837
1,0,161,268,0,10,6,0.0024170000106096268
1,0,162,268,0,29,4,0.0023789999540895224
1,0,163,268,0,18,5,0.0023690001107752323
1,0,164,268,0,21,3,0.0019209999591112137
1,0,165,268,0,8,2,0.0019030000548809767
1,0,166,268,0,9,5,0.0018649999983608723
1,0,167,268,0,20,3,0.0019000000320374966
1,0,168,268,0,13,5,0.0018629999831318855
1,0,169,268,0,24,5,0.0017750000115484
1,0,170,268,0,17,3,0.0017109999898821115
1,0,171,268,0,9,3,0.0017480000387877226
1,0,172,268,0,10,3,0.0017610000213608146
1,0,173,268,0,17,6,0.001787999994121492
1,0,174,268,0,26,3,0.001769999973475933
1,0,175,268,0,10,3,0.0017089999746531248
1,0,176,268,0,10,3,0.0017659999430179596
1,0,177,268,0,10,3,0.0017600000137463212
1,0,178,268,0,6,1,0.001766999950632453
1,0,179,268,0,3,3,0.0017500000540167093
1,0,180,268,0,7,3,0.002612000098451972
1,0,181,268,0,15,5,0.005477000027894974
1,0,182,268,0,21,4,0.005156999919563532
1,0,183,268,0,8,2,0.004600999876856804
1,0,184,268,0,13,6,0.004358000122010708
1,0,185,268,0,27,4,0.003240999998524785
1,0,186,268,0,18,5,0.003102000104263425
1,0,187,268,0,21,4,0.003148999996483326
1,0,188,268,0,18,4,0.002584999892860651
1,0,189,268,0,14,3,0.0025289999321103096
1,0,190,268,0,11,4,0.002595999976620078
1,0,191,268,0,16,5,0.0024820000398904085
1,0,192,268,0,17,2,0.0029609999619424343
1,0,193,268,0,7,5,0.0028890001121908426
1,0,194,268,0,15,1,0.00291600008495152
1,0,195,268,0,2,2,0.0025500000920146704
1,0,196,268,0,9,5,0.0021869998890906572
1,0,197,268,0,28,6,0.0021810000762343407
1,0,198,268,0,25,2,0.002185000106692314
1,0,199,268,0,4,3,0.0021869998890906572
1,0,200,268,0,12,3,0.0018690000288188457
1,0,201,268,0,16,5,0.0017519999528303742
1,0,202,268,0,16,2,0.0017549999756738544
1,0,203,268,0,6,4,0.0017089999746531248
1,0,204,268,0,23,5,0.0017509999452158809
1,0,205,268,0,27,5,0.001756999990902841
1,0,206,268,0,19,3,0.0017659999430179596
1,0,207,268,0,12,4,0.0017810000572353601
1,0,208,268,0,14,5,0.0017849999712780118
1,0,209,268,0,40,10,0.0017480000387877226
1,0,210,268,0,67,5,0.0017760000191628933
1,0,211,268,0,13,1,0.0017549999756738544
1,0,212,268,0,1,1,0.0017109999898821115
1,0,213,268,0,3,3,0.0017470000311732292
1,0,214,268,0,20,6,0.0017770000267773867
1,0,215,268,0,29,4,0.0017579999985173345
1,0,216,268,0,15,3,0.0017590000061318278
1,0,217,268,0,11,4,0.0017640000442042947
1,0,218,268,0,15,3,0.001762000028975308
1,0,219,268,0,15,4,0.0017590000061318278
1,0,220,268,0,17,4,0.0017529999604448676
1,0,221,268,0,16,3,0.0017040000529959798
1,0,222,268,0,11,3,0.0017549999756738544
1,0,223,268,0,13,4,0.001753999968059361
1,0,224,268,0,19,4,0.0017859999788925052
1,0,225,268,0,16,4,0.001749000046402216
1,0,226,268,0,13,4,0.001753999968059361
1,0,227,268,0,22,6,0.001749000046402216
1,0,228,268,0,33,5,0.0017079999670386314
1,0,229,268,0,19,4,0.0017470000311732292
1,0,230,268,0,22,6,0.0017689999658614397
1,0,231,268,0,42,5,0.001762000028975308
1,0,232,268,0,16,3,0.0017549999756738544
1,0,233,268,0,14,4,0.005421000067144632
1,0,234,268,0,13,3,0.005361999850720167
1,0,235,268,0,15,4,0.0047439998015761375
1,0,236,268,0,13,2,0.0036200000904500484
1,0,237,268,0,8,4,0.0025909999385476112
1,0,238,268,0,20,5,0.0028260000981390476
1,0,239,268,0,20,5,0.002979000099003315
1,0,240,268,0,21,3,0.0029849999118596315
1,0,241,268,0,13,4,0.002911000046879053
1,0,242,268,0,28,7,0.0021929999347776175
1,0,243,268,0,41,5,0.002185000106692314
1,0,244,268,0,22,5,0.0021840000990778208
1,0,245,268,0,8,2,0.004647000227123499
1,0,246,268,0,12,7,0.00535999983549118
1,0,247,268,0,35,2,0.004666000138968229
1,0,248,268,0,3,1,0.003613000037148595
1,0,249,268,0,3,3,0.003229999914765358
1,0,250,268,0,13,5,0.002966000000014901
1,0,251,268,0,26,5,0.003573999973013997
1,0,252,268,0,27,6,0.003613000037148595
1,0,253,268,0,17,1,0.0030739998910576105
1,0,254,268,0,4,4,0.0025239998940378428
1,0,255,268,0,26,7,0.0024840000551193953
1,0,256,268,0,32,4,0.002452000044286251
1,0,257,268,0,16,3,0.0023089998867362738
1,0,258,268,0,14,4,0.0019280000124126673
1,0,259,268,0,11,2,0.001914000022225082
1,0,260,268,0,13,9,0.001921999966725707
1,0,261,268,0,41,5,0.001918999943882227
1,0,262,268,0,28,5,0.0018840000266209245
1,0,263,268,0,14,2,0.0017549999756738544
1,0,264,268,0,5,3,0.0017600000137463212
1,0,265,268,0,12,4,0.001753999968059361
1,0,266,268,0,14,2,0.0017600000137463212
1,0,267,268,0,1,0,0.0017500000540167093
1,1,0,268,263151567,31042754,781882,1.427839994430542
1,0,0,107,0,30987124,867411,0.3156610131263733
1,0,1,107,0,4338174,69602,0.07210200279951096
1,0,2,107,0,409756,18455,0.011614999733865261
1,0,3,107,0,122561,9106,0.0047980002127587795
1,0,4,107,0,70472,5647,0.0032470000442117453
1,0,5,107,0,41784,3650,0.0026360000483691692
1,0,6,107,0,27034,2465,0.0022990000434219837
1,0,7,107,0,17729,2216,0.0021379999816417694
1,0,8,107,0,18140,2076,0.002070999937132001
1,0,9,107,0,16252,1743,0.0020349998958408833
1,0,10,107,0,10233,1173,0.0019650000613182783
1,0,11,107,0,7875,800,0.0018560000462457538
1,0,12,107,0,5632,508,0.0018449999624863267
1,0,13,107,0,3742,300,0.001832999987527728
1,0,14,107,0,2182,140,0.0017960000550374389
1,0,15,107,0,1139,85,0.0017729999963194132
1,0,16,107,0,943,53,0.0017890000017359853
1,0,17,107,0,636,40,0.001765000051818788
1,0,18,107,0,424,49,0.0018149999668821692
1,0,19,107,0,618,38,0.0017709999810904264
1,0,20,107,0,472,33,0.0017099999822676182
1,0,21,107,0,478,25,0.0017559999832883477
1,0,22,107,0,335,31,0.0017630000365898013
1,0,23,107,0,428,23,0.0017590000061318278
1,0,24,107,0,274,22,0.0017819999484345317
1,0,25,107,0,331,20,0.001765000051818788
1,0,26,107,0,254,18,0.0017579999985173345
1,0,27,107,0,234,24,0.0017689999658614397
1,0,28,107,0,355,12,0.0017610000213608146
1,0,29,107,0,72,10,0.0017219999572262168
1,0,30,107,0,50,13,0.0017450000159442425
1,0,31,107,0,63,14,0.0017810000572353601
1,0,32,107,0,80,12,0.0017719999887049198
1,0,33,107,0,48,11,0.001765000051818788
1,0,34,107,0,59,12,0.0017579999985173345
1,0,35,107,0,56,14,0.0017590000061318278
1,0,36,107,0,86,14,0.0017549999756738544
1,0,37,107,0,74,10,0.0017659999430179596
1,0,38,107,0,47,8,0.0017059999518096447
1,0,39,107,0,38,11,0.0017460000235587358
1,0,40,107,0,57,13,0.0017509999452158809
1,0,41,107,0,66,10,0.001762000028975308
1,0,42,107,0,35,8,0.001756999990902841
1,0,43,107,0,45,16,0.0017610000213608146
1,0,44,107,0,87,9,0.0017869999865069985
1,0,45,107,0,37,10,0.0017099999822676182
1,0,46,107,0,44,12,0.001744000008329749
1,0,47,107,0,48,7,0.001711999997496605
1,0,48,107,0,32,13,0.0017430000007152557
1,0,49,107,0,80,18,0.001753999968059361
1,0,50,107,0,89,13,0.0017679999582469463
1,0,51,107,0,73,13,0.001756999990902841
1,0,52,107,0,70,13,0.0017089999746531248
1,0,53,107,0,55,10,0.0017450000159442425
1,0,54,107,0,52,10,0.0017579999985173345
1,0,55,107,0,50,11,0.0017559999832883477
1,0,56,107,0,30,7,0.001753999968059361
1,0,57,107,0,33,8,0.0017819999484345317
1,0,58,107,0,31,5,0.001756999990902841
1,0,59,107,0,25,11,0.0017600000137463212
1,0,60,107,0,58,8,0.0017509999452158809
1,0,61,107,0,42,9,0.0017099999822676182
1,0,62,107,0,54,12,0.0017419999931007624
1,0,63,107,0,58,5,0.0017790000420063734
1,0,64,107,0,13,4,0.001753999968059361
1,0,65,107,0,13,5,0.0017549999756738544
1,0,66,107,0,18,3,0.0017519999528303742
1,0,67,107,0,6,3,0.0017790000420063734
1,0,68,107,0,20,6,0.0017630000365898013
1,0,69,107,0,35,6,0.001782999956049025
1,0,70,107,0,30,3,0.0017079999670386314
1,0,71,107,0,15,4,0.0017689999658614397
1,0,72,107,0,17,4,0.0017579999985173345
1,0,73,107,0,28,5,0.0017719999887049198
1,0,74,107,0,19,1,0.0017579999985173345
1,0,75,107,0,7,6,0.0017890000017359853
1,0,76,107,0,39,4,0.001762000028975308
1,0,77,107,0,23,3,0.0017089999746531248
1,0,78,107,0,16,3,0.0017419999931007624
1,0,79,107,0,17,4,0.001765000051818788
1,0,80,107,0,17,3,0.0017519999528303742
1,0,81,107,0,18,5,0.0017529999604448676
1,0,82,107,0,36,6,0.0017750000115484
1,0,83,107,0,29,3,0.0017579999985173345
1,0,84,107,0,13,3,0.0017600000137463212
1,0,85,107,0,15,5,0.0017590000061318278
1,0,86,107,0,20,1,0.0017049999441951513
1,0,87,107,0,3,2,0.0017529999604448676
1,0,88,107,0,11,5,0.0017500000540167093
1,0,89,107,0,25,4,0.0017559999832883477
1,0,90,107,0,17,3,0.0017509999452158809
1,0,91,107,0,17,5,0.0017640000442042947
1,0,92,107,0,22,2,0.0017519999528303742
1,0,93,107,0,8,3,0.0017579999985173345
1,0,94,107,0,18,5,0.001753999968059361
1,0,95,107,0,31,3,0.0017900000093504786
1,0,96,107,0,13,3,0.0017500000540167093
1,0,97,107,0,17,4,0.0017529999604448676
1,0,98,107,0,16,3,0.0017630000365898013
1,0,99,107,0,15,4,0.001756999990902841
1,0,100,107,0,19,3,0.0017659999430179596
1,0,101,107,0,17,5,0.001756999990902841
1,0,102,107,0,21,4,0.0017059999518096447
1,0,103,107,0,22,5,0.001749000046402216
1,0,104,107,0,25,5,0.0017679999582469463
1,0,105,107,0,24,3,0.0017549999756738544
1,0,106,107,0,6,0,0.0017500000540167093
1,1,0,107,279320256,33740071,894130,0.9002249836921692
1,0,0,82,0,27513823,720303,0.36190900206565857
1,0,1,82,0,3970457,82095,0.06552399694919586
1,0,2,82,0,455390,21522,0.012338000349700451
1,0,3,82,0,138038,10020,0.0048779998905956745
1,0,4,82,0,77982,6873,0.003186000045388937
1,0,5,82,0,55855,5198,0.002687999978661537
1,0,6,82,0,40021,3232,0.0023819999769330025
1,0,7,82,0,22076,1953,0.0021359999664127827
1,0,8,82,0,12982,1247,0.0019990000873804092
1,0,9,82,0,8262,701,0.001896000001579523
1,0,10,82,0,4982,466,0.0018489999929443002
1,0,11,82,0,3603,308,0.0018189999973401427
1,0,12,82,0,2246,194,0.0018060000147670507
1,0,13,82,0,1661,139,0.0017940000398084521
1,0,14,82,0,1205,151,0.0017920000245794654
1,0,15,82,0,1609,95,0.0017770000267773867
1,0,16,82,0,658,55,0.001715000020340085
1,0,17,82,0,397,67,0.0017689999658614397
1,0,18,82,0,465,61,0.0017640000442042947
1,0,19,82,0,503,71,0.001762000028975308
1,0,20,82,0,558,33,0.0017630000365898013
1,0,21,82,0,246,26,0.0017610000213608146
1,0,22,82,0,137,15,0.0017579999985173345
1,0,23,82,0,67,17,0.0017590000061318278
1,0,24,82,0,79,14,0.0017659999430179596
1,0,25,82,0,57,13,0.0017059999518096447
1,0,26,82,0,38,8,0.001753999968059361
1,0,27,82,0,35,12,0.001749000046402216
1,0,28,82,0,47,9,0.001765000051818788
1,0,29,82,0,46,8,0.001756999990902841
1,0,30,82,0,33,7,0.001756999990902841
1,0,31,82,0,18,4,0.0017519999528303742
1,0,32,82,0,17,8,0.0017549999756738544
1,0,33,82,0,29,5,0.001762000028975308
1,0,34,82,0,21,8,0.0017600000137463212
1,0,35,82,0,41,8,0.0017630000365898013
1,0,36,82,0,33,7,0.0017450000159442425
1,0,37,82,0,24,6,0.0017579999985173345
1,0,38,82,0,21,6,0.0017529999604448676
1,0,39,82,0,23,7,0.0017040000529959798
1,0,40,82,0,30,7,0.001749000046402216
1,0,41,82,0,17,4,0.0017579999985173345
1,0,42,82,0,21,11,0.0017630000365898013
1,0,43,82,0,45,7,0.0017640000442042947
1,0,44,82,0,19,4,0.005379000212997198
1,0,45,82,0,13,8,0.005381000228226185
1,0,46,82,0,44,10,0.003819999983534217
1,0,47,82,0,45,9,0.0036069999914616346
1,0,48,82,0,45,10,0.003604999976232648
1,0,49,82,0,46,9,0.0026140001136809587
1,0,50,82,0,36,6,0.002553999889642
1,0,51,82,0,19,6,0.0025430000387132168
1,0,52,82,0,24,7,0.0024399999529123306
1,0,53,82,0,26,7,0.0020749999675899744
1,0,54,82,0,25,9,0.0020580000709742308
1,0,55,82,0,32,7,0.0020669999066740274
1,0,56,82,0,30,8,0.002191999927163124
1,0,57,82,0,28,6,0.004631999880075455
1,0,58,82,0,25,9,0.004951999988406897
1,0,59,82,0,41,9,0.0038079998921602964
1,0,60,82,0,44,9,0.0032569998875260353
1,0,61,82,0,40,8,0.003269999986514449
1,0,62,82,0,35,10,0.0027759999502450228
1,0,63,82,0,39,10,0.0026599999982863665
1,0,64,82,0,35,4,0.0026400000788271427
1,0,65,82,0,10,4,0.002655999967828393
1,0,66,82,0,18,8,0.0021619999315589666
1,0,67,82,0,29,7,0.0020409999415278435
1,0,68,82,0,25,7,0.00204299995675683
1,0,69,82,0,34,5,0.00203999993391335
1,0,70,82,0,31,6,0.002041999949142337
1,0,71,82,0,21,3,0.0017740000039339066
1,0,72,82,0,13,4,0.0017010000301524997
1,0,73,82,0,14,5,0.0017000000225380063
1,0,74,82,0,26,5,0.0017509999452158809
1,0,75,82,0,20,4,0.001756999990902841
1,0,76,82,0,23,6,0.0017579999985173345
1,0,77,82,0,13,2,0.001753999968059361
1,0,78,82,0,5,2,0.0017559999832883477
1,0,79,82,0,8,5,0.0017549999756738544
1,0,80,82,0,15,1,0.0017480000387877226
1,0,81,82,0,0,0,0.0017010000301524997
1,1,0,82,267690272,32746221,792412,0.9123939871788025
