inc_type,niters,n_active_vertexes,sum_dlv,sum_dgv,sum_dlv_times_dlv,sum_dlv_times_dgv,sum_dgv_times_dgv,sum_in_border_vertexes,sum_out_border_vertexes,num_edges,num_vertexes,elapsed_time
0,52,37148159,123095644,973486422,1241075208,9033671590,71739480324,0,118101454,1253096252,127801478,7.839344024658203
1,14,1168243,7394226,179161568,26810228,480353178,11593440998,197646683,0,414462872,42599940,2.2548279762268066
1,12,11743192,7457770,179050128,27057330,482777231,11594919954,199541249,41538303,416607545,42598928,2.4502930641174316
1,1,60499600,0,0,0,0,0,602103922,118119237,1252911176,127804466,3.9750070571899414
1,19,23605108,83310747,662590781,748009531,5398305794,43028867103,601773718,118101454,1253096252,127801478,9.171957015991211
1,21,41709393,81268646,649935804,717130474,5192515940,41558717844,599657006,118099457,1251000585,127798703,9.091389656066895
1,19,44741604,82215656,661909317,723370072,5251680963,42217326053,596040646,118111205,1246816754,127798586,9.174416542053223
1,16,47786897,83186656,670969092,731580270,5319492348,42792909684,594696594,118108164,1245495442,127800437,9.024998664855957
1,18,50819819,84212930,677818468,738933742,5365266278,43109708026,596197787,118120096,1247092573,127803669,9.169626235961914
1,10,18396015,9141655,214342071,32781453,572870059,13510744205,205627758,41543293,422987372,42600284,2.7198851108551025
1,6,18565067,4628387,112020396,18096015,334289496,8085812054,199541249,41538303,416607545,42598928,1.9398789405822754
1,3,9535,4459,35412,28381,200027,1602676,602103922,118119237,1252911176,127804466,4.016648769378662
1,14,38163871,20371477,162127971,179469169,1291498971,10291194661,601773718,118101454,1253096252,127801478,5.688436985015869
1,18,34449482,17482574,138838128,150351772,1079657568,8596079016,599657006,118099457,1251000585,127798703,5.874242782592773
1,16,30171395,14382358,114625248,121924008,874120300,6972626872,596040646,118111205,1246816754,127798586,5.501748085021973
1,13,25689417,11786513,93877383,98607811,707050168,5643419729,594696594,118108164,1245495442,127800437,5.291584014892578
1,15,21010097,9528792,75363353,79573744,567374953,4504031527,596197787,118120096,1247092573,127803669,5.136415958404541
1,9,6247766,784277,17967119,2657873,44608849,1032968693,205627758,41543293,422987372,42600284,1.7958569526672363
1,17,18671591,84646136,679006500,741459512,5370328014,43051019822,598330665,118097561,1249529429,127797917,9.137497901916504
1,4,52246,486047,11770863,1612449,27847181,670666423,197646683,0,414462872,42599940,1.3770649433135986
1,5,4043475,483130,11272017,1590780,26820552,631778799,199541249,41538303,416607545,42598928,1.508249044418335
1,11,3498061,1545683,12216339,12314731,87557416,696843511,594696594,118108164,1245495442,127800437,4.53512716293335
1,3,12302,9854,80158,60158,433769,3580008,602103922,118119237,1252911176,127804466,3.9751670360565186
1,9,10133720,4059116,32008697,32731444,231662099,1835436781,601773718,118101454,1253096252,127801478,4.813820838928223
1,11,6029390,2445604,19334668,19434752,137471935,1091491150,596040646,118111205,1246816754,127798586,4.575408935546875
1,8,8327492,3272348,25912790,25984124,184376247,1465283750,599657006,118099457,1251000585,127798703,4.540628910064697
1,12,3794083,1537771,12128936,12256433,86624147,686046190,596197787,118120096,1247092573,127803669,4.571651935577393
1,4,1113975,120951,2792474,389931,6440903,150218826,205627758,41543293,422987372,42600284,1.4265069961547852
1,17,7781860,84415373,677294713,739425905,5356171937,42942209207,598330665,118097561,1249529429,127797917,8.68513011932373
1,4,10608,83986,2033779,273094,4615184,110672375,197646683,0,414462872,42599940,1.2823200225830078
1,4,777716,81718,1927404,256468,4243255,100514856,199541249,41538303,416607545,42598928,1.4230469465255737
1,8,2175004,716892,5776616,5482618,39307408,317393240,594696594,118108164,1245495442,127800437,4.322524070739746
1,3,9324,13382,108289,83216,591516,4824137,602103922,118119237,1252911176,127804466,3.9880170822143555
1,6,1762982,702166,5481825,5470978,38353330,302150261,601773718,118101454,1253096252,127801478,4.2367730140686035
1,4,1423302,529102,4175103,4070886,28585407,226122053,596040646,118111205,1246816754,127798586,3.992089033126831
1,5,1022948,440016,3450840,3408526,23987682,189858084,599657006,118099457,1251000585,127798703,4.18425989151001
1,7,781726,298944,2365882,2300246,16201323,128657716,596197787,118120096,1247092573,127803669,4.248356819152832
1,3,234410,24597,571749,74775,1225661,29187315,205627758,41543293,422987372,42600284,1.387300968170166
1,17,5889855,84374870,676991439,739048530,5353477725,42921057033,598330665,118097561,1249529429,127797917,8.658597946166992
1,3,2641,19040,457933,59944,1007063,24109243,197646683,0,414462872,42599940,1.2726149559020996
1,3,177243,17957,426567,54781,900553,21306541,199541249,41538303,416607545,42598928,1.3911950588226318
1,6,450212,164385,1318625,1225181,8781308,70879373,594696594,118108164,1245495442,127800437,4.311923980712891
1,3,7291,16162,129749,104066,736687,5955987,602103922,118119237,1252911176,127804466,4.0044660568237305
1,6,359315,139973,1094189,1050295,7346625,57940945,601773718,118101454,1253096252,127801478,4.147968769073486
1,4,285280,109088,862960,808820,5688808,45206794,596040646,118111205,1246816754,127798586,3.9962120056152344
1,4,222879,86270,679818,642780,4516544,35849382,599657006,118099457,1251000585,127798703,4.002694129943848
1,4,179477,65703,524011,474695,3344366,26771043,596197787,118120096,1247092573,127803669,4.106575012207031
1,3,54473,5875,135213,17829,284642,6606945,205627758,41543293,422987372,42600284,1.540308952331543
1,17,5478007,84367185,676935140,738981701,5353016755,42917568282,598330665,118097561,1249529429,127797917,8.875828742980957
1,3,3710,411,9146,1065,16736,394340,205627758,41543293,422987372,42600284,1.4455349445343018
1,17,5357320,84365920,676926216,738972470,5352953980,42917084006,598330665,118097561,1249529429,127797917,9.14941692352295
1,3,32853,14572,112846,105190,720767,5613264,599657006,118099457,1251000585,127798703,4.104395866394043
1,3,4851,17884,143688,115054,816099,6605356,602103922,118119237,1252911176,127804466,3.994621992111206
1,3,2045,21108,509157,64542,1084160,26353263,197646683,0,414462872,42599940,1.2877750396728516
1,4,103741,38725,306069,279267,1943441,15335955,594696594,118108164,1245495442,127800437,4.145018100738525
1,4,83772,31003,246205,217153,1530862,12305767,601773718,118101454,1253096252,127801478,4.175146102905273
1,3,67962,25947,204989,185719,1291703,10179263,596040646,118111205,1246816754,127798586,4.046934127807617
1,3,46301,4468,105525,13852,217376,4966681,199541249,41538303,416607545,42598928,1.369534969329834
1,4,45090,16452,129927,114600,805428,6471863,596197787,118120096,1247092573,127803669,4.007036209106445
1,2,1488,258,5532,848,12905,265602,199541249,41538303,416607545,42598928,1.4362620115280151
1,4,2931,16732,131777,113080,785746,6271481,596197787,118120096,1247092573,127803669,4.11603307723999
1,3,14214,5664,43639,36674,247045,1923483,601773718,118101454,1253096252,127801478,3.9784719944000244
1,3,3015,18561,149470,118951,846048,6874990,602103922,118119237,1252911176,127804466,4.012853145599365
1,3,10728,1371,32891,3865,64515,1596171,205627758,41543293,422987372,42600284,1.4087580442428589
1,3,30072,9865,79029,70097,492677,3921369,599657006,118099457,1251000585,127798703,4.159335136413574
1,3,1895,21610,521268,65902,1105985,26890920,197646683,0,414462872,42599940,1.3274710178375244
1,3,25596,9501,75000,63307,442245,3527262,594696594,118108164,1245495442,127800437,4.075735092163086
1,3,35987,10864,87414,69376,486475,3958614,598330665,118097561,1249529429,127797917,4.020147800445557
1,3,17873,6820,54064,47550,323915,2535288,596040646,118111205,1246816754,127798586,3.7819631099700928
1,2,2877,267,6439,609,10523,275719,205627758,41543293,422987372,42600284,1.3828339576721191
1,3,1411,7055,56096,47955,328086,2580916,596040646,118111205,1246816754,127798586,4.046422004699707
1,3,1848,21707,523358,66177,1109349,26960140,197646683,0,414462872,42599940,1.2532789707183838
1,3,1863,18950,152475,120872,859245,6979269,602103922,118119237,1252911176,127804466,3.903918981552124
1,4,12519,18765,147722,124037,858054,6837288,596197787,118120096,1247092573,127803669,4.104272842407227
1,4,11258,3557,27577,22975,154719,1200335,601773718,118101454,1253096252,127801478,4.217885971069336
1,2,4335,630,15623,1780,27309,660991,199541249,41538303,416607545,42598928,1.4110740423202515
1,3,9236,3351,26426,21343,141933,1105456,599657006,118099457,1251000585,127798703,3.8543291091918945
1,3,5593,2443,19348,14199,100926,833092,598330665,118097561,1249529429,127797917,3.916377067565918
1,3,8513,2917,23514,17599,122629,997688,594696594,118108164,1245495442,127800437,3.86142897605896
1,2,702,70,1714,134,2105,57972,199541249,41538303,416607545,42598928,1.3557679653167725
1,2,1461,400,9331,932,15019,377607,205627758,41543293,422987372,42600284,1.4030719995498657
1,3,1397,19212,154662,122138,868080,7056626,602103922,118119237,1252911176,127804466,4.138948917388916
1,4,3391,4600,35397,28452,190189,1470491,601773718,118101454,1253096252,127801478,3.919645071029663
1,3,2463,4021,31996,24369,163553,1288506,599657006,118099457,1251000585,127798703,4.112497806549072
1,3,5653,8516,67339,56976,386344,3025387,596040646,118111205,1246816754,127798586,4.177913188934326
1,3,1906,3493,28008,20837,145574,1179522,594696594,118108164,1245495442,127800437,4.097300052642822
1,4,6224,19662,155497,128388,887632,7076309,596197787,118120096,1247092573,127803669,4.089877128601074
1,3,1827,21816,525979,66456,1113660,27073983,197646683,0,414462872,42599940,1.2662359476089478
1,3,3133,3420,26855,20192,142186,1156881,598330665,118097561,1249529429,127797917,3.8581249713897705
