inc_type,niters,n_active_vertexes,sum_dlv,sum_dgv,sum_dlv_times_dlv,sum_dlv_times_dgv,sum_dgv_times_dgv,sum_in_border_vertexes,sum_out_border_vertexes,num_edges,num_vertexes,elapsed_time
0,170,46981329,102877733,813564628,942873561,6800878405,54042117126,0,118101454,1253096252,127801478,12.194292068481445
1,21,570720,7180607,174249894,25286753,448453162,10838153402,197646683,0,414462872,42599940,0.5889449715614319
1,78,36504536,65405818,519183433,561371990,4031299408,32168833531,602103922,118119237,1252911176,127804466,8.060714721679688
1,21,13162077,7461389,179409090,26398785,466627023,11219217386,199541249,41538303,416607545,42598928,2.4962270259857178
1,110,41499648,73363143,590022035,644658041,4674573661,37511319599,594696594,118108164,1245495442,127800437,9.445549964904785
1,133,25584710,67873083,542282327,577134535,4151569815,33206584127,601773718,118101454,1253096252,127801478,9.224817276000977
1,135,45747642,75581966,607000785,656620288,4748962183,38092599823,596040646,118111205,1246816754,127798586,9.31888198852539
1,48,49193539,78469904,625951272,685089980,4944457259,39498925286,599657006,118099457,1251000585,127798703,14.164400100708008
1,52,52605586,79473729,637792113,691905733,5007367270,40145061475,596197787,118120096,1247092573,127803669,7.212874889373779
1,15,18048080,8771332,204917183,31310720,544319175,12795871119,205627758,41543293,422987372,42600284,0.5873609781265259
1,98,57129426,81452898,651772095,711807308,5142672153,41141975125,598330665,118097561,1249529429,127797917,14.468795776367188
1,24,771614,1250557,9198018,13959459,99314351,761342748,598330665,118097561,1249529429,127797917,3.5755600929260254
1,9,744989,4041305,98576403,15790531,292016362,7084773397,197646683,0,414462872,42599940,1.894866943359375
1,10,15790721,3929087,94769177,15391797,283751780,6847460917,199541249,41538303,416607545,42598928,2.003325939178467
1,35,46465037,36162509,289823805,354225429,2596361721,20813496967,594696594,118108164,1245495442,127800437,10.884339332580566
1,27,47212460,34161478,274308803,332012540,2431888032,19512183323,601773718,118101454,1253096252,127801478,5.9277567863464355
1,24,57951989,43655935,346271387,423465431,3083809816,24622502733,602103922,118119237,1252911176,127804466,7.451887130737305
1,30,44672666,31668368,252277140,304513822,2220412668,17737004232,599657006,118099457,1251000585,127798703,6.040266990661621
1,8,12015441,2826789,65642217,10956713,195756727,4586481509,205627758,41543293,422987372,42600284,0.6016169786453247
1,114,52956949,36994887,297322103,356272463,2606954886,20924262051,596040646,118111205,1246816754,127798586,15.410786628723145
1,59,47963141,32400613,259408818,308377545,2250934326,18024788408,596197787,118120096,1247092573,127803669,6.132749080657959
1,1,0,0,0,0,0,0,596197787,118120096,1247092573,127803669,2.446755886077881
1,8,485236,2680382,65658745,10044496,183335707,4456724113,197646683,0,414462872,42599940,3.488229990005493
1,9,12661546,2641721,64279471,9848393,179561440,4358382569,199541249,41538303,416607545,42598928,1.5150099992752075
1,24,36097251,22951269,185161983,213981221,1565202822,12591126687,594696594,118108164,1245495442,127800437,5.813146114349365
1,31,34204631,21841169,175555706,204375243,1492147436,11982248438,601773718,118101454,1253096252,127801478,4.445807933807373
1,26,31168845,20582753,163177534,193388463,1401285657,11186736786,602103922,118119237,1252911176,127804466,5.233994960784912
1,32,29369532,19534200,155790552,184720814,1345555765,10755687580,599657006,118099457,1251000585,127798703,7.2237348556518555
1,28,26657342,17937228,144781182,171405788,1254025414,10081870448,596040646,118111205,1246816754,127798586,4.910428047180176
1,9,9863217,2260015,52397815,8689187,154808614,3624607759,205627758,41543293,422987372,42600284,1.4536750316619873
1,39,47540047,30445981,245150912,284746397,2081300982,16727895550,598330665,118097561,1249529429,127797917,5.541804790496826
1,1,0,0,0,0,0,0,598330665,118097561,1249529429,127797917,2.3563480377197266
1,8,338929,1861793,45646448,7106065,130563568,3177115996,197646683,0,414462872,42599940,1.1601849794387817
1,10,8418769,1832411,44667429,6992961,128331298,3114272645,199541249,41538303,416607545,42598928,1.2073949575424194
1,21,24161448,16138992,130210065,154648346,1134595928,9131190573,594696594,118108164,1245495442,127800437,4.408682823181152
1,19,23160849,15667470,125590780,150506494,1099926528,8818141244,601773718,118101454,1253096252,127801478,4.000018119812012
1,20,22314789,15225767,121248609,146052285,1064854026,8528875399,602103922,118119237,1252911176,127804466,3.657289981842041
1,23,21521397,14631314,117075344,140817596,1030023731,8255284048,599657006,118099457,1251000585,127798703,3.681554079055786
1,28,20867230,14049700,113081272,135070742,987532616,7927785172,596040646,118111205,1246816754,127798586,4.256793975830078
1,10,6857126,1591533,37087394,6206893,111045369,2605603256,205627758,41543293,422987372,42600284,1.093237042427063
1,59,34800521,22988331,184924213,218669129,1599915060,12845745243,596197787,118120096,1247092573,127803669,4.654256820678711
1,1,0,0,0,0,0,0,596197787,118120096,1247092573,127803669,2.4158689975738525
1,7,261577,1444212,35282786,5532492,101829175,2472844240,197646683,0,414462872,42599940,1.106166958808899
1,10,6348781,1425015,34557549,5454737,100008709,2421790801,199541249,41538303,416607545,42598928,1.2387700080871582
1,34,18447805,12532686,101093977,120686448,886550175,7139225595,594696594,118108164,1245495442,127800437,3.9688520431518555
1,28,17893166,12264543,97980755,117949945,860484976,6885214373,601773718,118101454,1253096252,127801478,4.440353870391846
1,21,17361646,11858664,94858482,113837810,831305805,6661196854,602103922,118119237,1252911176,127804466,4.316065788269043
1,20,16861710,11475395,92114164,110006935,805987805,6474054550,599657006,118099457,1251000585,127798703,3.657428026199341
1,28,16403704,11139324,89672824,106921172,782584854,6290550276,596040646,118111205,1246816754,127798586,3.496018886566162
1,9,5420546,1265710,29613942,4949120,88716725,2084269356,205627758,41543293,422987372,42600284,1.147840976715088
1,23,28739589,19545691,156871287,187941937,1376081187,11042516309,598330665,118097561,1249529429,127797917,6.593776226043701
1,1,0,0,0,0,0,0,598330665,118097561,1249529429,127797917,5.107708930969238
1,8,218934,1178932,28843220,4533528,83661972,2034267088,197646683,0,414462872,42599940,0.8702170252799988
1,9,5187344,1169004,28238039,4490270,82343473,1987419999,199541249,41538303,416607545,42598928,1.2694200277328491
1,26,15236060,10261128,82682036,98378582,722156154,5814831010,594696594,118108164,1245495442,127800437,3.766134023666382
1,20,14917092,10165217,81108969,97911153,713641552,5703099857,601773718,118101454,1253096252,127801478,3.411271095275879
1,22,14628554,9917278,79473952,95030786,696010046,5593704538,602103922,118119237,1252911176,127804466,3.510540008544922
1,31,14335678,9677879,77683040,93084573,681592512,5471397160,599657006,118099457,1251000585,127798703,3.4056620597839355
1,24,14063173,9474654,76211995,91365288,668262792,5363089145,596040646,118111205,1246816754,127798586,5.06388521194458
1,10,4655940,1079854,25259122,4227894,75862318,1784240822,205627758,41543293,422987372,42600284,1.0990070104599
1,19,25938108,17727950,142476485,171874706,1258758605,10098782743,596197787,118120096,1247092573,127803669,3.9050660133361816
1,1,0,0,0,0,0,0,596197787,118120096,1247092573,127803669,2.7004809379577637
1,8,191790,1025384,25024870,3921850,72180261,1754905262,197646683,0,414462872,42599940,1.020447015762329
1,10,4528582,1011846,24481397,3881188,71098341,1719116455,199541249,41538303,416607545,42598928,1.1303989887237549
1,23,13354487,9045226,72834590,87583768,642130421,5159979848,594696594,118108164,1245495442,127800437,3.570064067840576
1,39,13131144,9002975,71787556,87236939,636447778,5088128024,601773718,118101454,1253096252,127801478,3.7175281047821045
1,20,12892978,8752491,70164353,84201881,616835389,4955275139,602103922,118119237,1252911176,127804466,3.4722609519958496
1,20,12637148,8570958,68773290,82420370,603656922,4846126894,599657006,118099457,1251000585,127798703,3.6000521183013916
1,25,12372796,8313043,66987195,79442631,581297118,4670737679,596040646,118111205,1246816754,127798586,3.6299610137939453
1,9,4098536,948535,22265624,3702203,66423506,1566457682,205627758,41543293,422987372,42600284,1.191256046295166
1,20,23925676,16302937,130691186,156991257,1148950447,9209330794,598330665,118097561,1249529429,127797917,3.7876501083374023
1,1,0,0,0,0,0,0,598330665,118097561,1249529429,127797917,2.295306921005249
1,7,159967,893189,21813693,3403129,62670200,1524979117,197646683,0,414462872,42599940,0.8881779909133911
1,10,3957813,881019,21392444,3355159,61544381,1493802950,199541249,41538303,416607545,42598928,1.058374047279358
1,22,11561512,7658525,61809256,72580437,532309709,4288667950,594696594,118108164,1245495442,127800437,3.6240599155426025
1,20,11209684,7454893,59533972,70419143,512347959,4095213512,601773718,118101454,1253096252,127801478,3.8028080463409424
1,18,10857893,7124994,57159903,66799230,488272603,3922309177,602103922,118119237,1252911176,127804466,3.461513042449951
1,20,10493404,6796143,54716490,63624913,466122302,3752365970,599657006,118099457,1251000585,127798703,3.4269230365753174
1,28,10108483,6447347,52007040,59983501,438653786,3532624916,596040646,118111205,1246816754,127798586,4.298110008239746
1,6,3324757,726290,17070244,2760126,49067237,1156687492,205627758,41543293,422987372,42600284,1.7875219583511353
1,17,20606281,13502130,108697171,127278268,930966343,7484111417,596197787,118120096,1247092573,127803669,3.5892269611358643
1,1,0,0,0,0,0,0,596197787,118120096,1247092573,127803669,2.263495922088623
1,6,115780,649604,15882498,2389402,43511482,1059568676,197646683,0,414462872,42599940,0.9419689774513245
1,10,3095731,641335,15549631,2373779,42954571,1037838387,199541249,41538303,416607545,42598928,1.0043460130691528
1,21,8875531,5466826,44083709,50023452,365158861,2939916951,594696594,118108164,1245495442,127800437,4.697824001312256
1,14,8473523,5197968,41509615,47373120,343632092,2749404297,601773718,118101454,1253096252,127801478,3.4179179668426514
1,15,8072504,4844916,38891485,43618508,317720325,2553826283,602103922,118119237,1252911176,127804466,3.28759503364563
1,20,7675980,4540566,36621267,40713410,297434784,2398584971,599657006,118099457,1251000585,127798703,4.546792984008789
1,17,7292995,4253388,34324679,37971314,276183905,2221357649,596040646,118111205,1246816754,127798586,4.05923318862915
1,9,2390548,475424,11269402,1748966,31008482,734456056,205627758,41543293,422987372,42600284,1.1865249872207642
1,18,15643454,9606859,76957296,87627771,637664972,5111008156,598330665,118097561,1249529429,127797917,3.538361072540283
1,1,0,0,0,0,0,0,598330665,118097561,1249529429,127797917,2.4912960529327393
1,7,75648,417999,10226062,1505465,27257080,664975274,197646683,0,414462872,42599940,0.8860470056533813
1,9,2142381,415254,10088041,1510380,27275981,660011761,199541249,41538303,416607545,42598928,0.961355984210968
1,14,6091437,3505950,28283412,31104254,226874309,1830956486,594696594,118108164,1245495442,127800437,3.3913021087646484
1,20,5769278,3342834,26704512,29948076,216576084,1731092812,601773718,118101454,1253096252,127801478,4.612524032592773
1,20,5472570,3132165,25159700,27875157,202972337,1633309432,602103922,118119237,1252911176,127804466,3.4620161056518555
1,15,5177454,2915598,23556936,25954098,189270031,1524681488,599657006,118099457,1251000585,127798703,2.8272180557250977
1,16,4907104,2737671,22125726,24206059,176471307,1423379206,596040646,118111205,1246816754,127798586,3.0781919956207275
1,10,1605106,303404,7213142,1099196,19458781,462612014,205627758,41543293,422987372,42600284,0.9905189871788025
1,16,10697767,6157142,49454727,55060962,399466475,3204088105,596197787,118120096,1247092573,127803669,3.2756659984588623
1,1,0,0,0,0,0,0,596197787,118120096,1247092573,127803669,2.175731897354126
1,6,48213,260461,6374826,916175,16444427,401279848,197646683,0,414462872,42599940,0.8569920063018799
1,7,1399302,255330,6202208,910216,16264512,393494296,199541249,41538303,416607545,42598928,0.8488690257072449
1,20,3947534,2157333,17433864,18746717,136346984,1099906062,594696594,118108164,1245495442,127800437,4.195919036865234
1,12,3719140,2042329,16311897,17710943,127655847,1020259147,601773718,118101454,1253096252,127801478,3.093209981918335
1,12,3500512,1885894,15134081,16059750,116422000,937295671,602103922,118119237,1252911176,127804466,3.1115550994873047
1,14,3297445,1762739,14216563,14999999,108594113,873444249,599657006,118099457,1251000585,127798703,2.7916250228881836
1,12,3099620,1638429,13170085,13865781,100120371,803233469,596040646,118111205,1246816754,127798586,5.317019939422607
1,6,1012181,180580,4340680,625596,11038678,264825362,205627758,41543293,422987372,42600284,0.9775620102882385
1,18,6899341,3804944,30456974,33118194,239321330,1915268728,598330665,118097561,1249529429,127797917,3.3260419368743896
1,1,0,0,0,0,0,0,598330665,118097561,1249529429,127797917,2.494158983230591
1,5,29293,156506,3833131,534190,9574223,234065743,197646683,0,414462872,42599940,0.8471590280532837
1,6,870816,154917,3751342,533867,9461471,228980390,199541249,41538303,416607545,42598928,0.9486340284347534
1,11,2457157,1297371,10466487,10898329,78697387,632944451,594696594,118108164,1245495442,127800437,2.5901100635528564
1,11,2304187,1212923,9743936,10115201,72928969,585087006,601773718,118101454,1253096252,127801478,4.425299167633057
1,14,2166079,1133711,9108727,9349227,67536845,543845597,602103922,118119237,1252911176,127804466,3.008296012878418
1,14,2030013,1052597,8501742,8751975,63279122,509264140,599657006,118099457,1251000585,127798703,2.9429070949554443
1,10,1906549,986691,7928836,8192839,58933976,472341574,596040646,118111205,1246816754,127798586,2.8355820178985596
1,5,621628,107821,2608115,368529,6490683,156989065,205627758,41543293,422987372,42600284,1.9515819549560547
1,12,4260255,2262260,18101647,18954012,136128230,1089645457,596197787,118120096,1247092573,127803669,2.831644058227539
1,1,0,0,0,0,0,0,596197787,118120096,1247092573,127803669,2.3734090328216553
1,6,17065,89326,2202825,292272,5175400,127899003,197646683,0,414462872,42599940,0.8329330086708069
1,5,524858,88961,2143266,298273,5176806,124193646,199541249,41538303,416607545,42598928,0.9182519912719727
1,11,1469178,738074,5984625,5991168,43225214,348644821,594696594,118108164,1245495442,127800437,2.746170997619629
1,13,1375729,698840,5611992,5622902,40432286,325332990,601773718,118101454,1253096252,127801478,2.954145908355713
1,11,1289476,644871,5199626,5181749,37342349,301289186,602103922,118119237,1252911176,127804466,2.7920219898223877
1,12,1211192,604533,4895517,4846105,35027277,282753999,599657006,118099457,1251000585,127798703,2.607419013977051
1,8,1135235,568048,4549252,4564714,32667722,261496180,596040646,118111205,1246816754,127798586,5.059072017669678
1,6,371594,62311,1505533,206471,3620143,87508487,205627758,41543293,422987372,42600284,1.0839639902114868
1,14,2564427,1320530,10527046,10729874,76761461,613510220,598330665,118097561,1249529429,127797917,3.1468470096588135
1,1,0,0,0,0,0,0,598330665,118097561,1249529429,127797917,2.3777670860290527
1,5,10465,52986,1299186,173758,3066213,75400854,197646683,0,414462872,42599940,0.7930870056152344
1,6,313620,53136,1283599,182220,3201402,76892345,199541249,41538303,416607545,42598928,0.896120011806488
1,11,883321,432264,3520370,3421578,24781744,201210768,594696594,118108164,1245495442,127800437,2.863395929336548
1,10,828593,409817,3308811,3294333,23731837,191026979,601773718,118101454,1253096252,127801478,4.778346061706543
1,14,778882,380977,3056525,2970023,21275719,171336591,602103922,118119237,1252911176,127804466,2.970266103744507
1,14,731283,353268,2870091,2778456,20053024,162249923,599657006,118099457,1251000585,127798703,2.927572011947632
1,10,685916,334549,2681174,2685111,19147463,152669196,596040646,118111205,1246816754,127798586,2.742737054824829
1,5,224178,37107,885658,123003,2109964,50272014,205627758,41543293,422987372,42600284,1.7166589498519897
1,10,1536328,779194,6209065,6297234,44874297,357690567,596197787,118120096,1247092573,127803669,2.7342689037323
1,1,0,0,0,0,0,0,596197787,118120096,1247092573,127803669,2.3907289505004883
1,4,6185,30997,768160,98507,1754155,43664586,197646683,0,414462872,42599940,0.8574209809303284
1,5,189469,30750,751258,102772,1784465,43275826,199541249,41538303,416607545,42598928,0.8361510038375854
1,20,533709,263772,2147311,2129942,15445942,125294297,594696594,118108164,1245495442,127800437,3.283634901046753
1,10,501307,252963,2033830,2039447,14722474,118841544,601773718,118101454,1253096252,127801478,2.889281988143921
1,11,474684,239288,1922880,1903802,13713013,110530592,602103922,118119237,1252911176,127804466,2.621623992919922
1,13,445668,223627,1815725,1782577,12880686,104332907,599657006,118099457,1251000585,127798703,2.585005044937134
1,10,420775,214191,1713633,1732735,12344542,98112317,596040646,118111205,1246816754,127798586,4.389214992523193
1,5,138390,23392,568441,76466,1351447,32874083,205627758,41543293,422987372,42600284,0.9223849773406982
1,13,940030,482226,3822715,3934878,27874177,220653713,598330665,118097561,1249529429,127797917,2.951436996459961
1,1,0,0,0,0,0,0,598330665,118097561,1249529429,127797917,2.5558319091796875
1,4,3809,20320,496916,66126,1180365,29180696,197646683,0,414462872,42599940,0.8350780010223389
1,4,117919,19890,487952,68272,1192044,28967384,199541249,41538303,416607545,42598928,0.8821439743041992
1,9,331234,163239,1326777,1250823,8995632,72775577,594696594,118108164,1245495442,127800437,2.720388889312744
1,10,309199,152254,1236076,1169370,8462868,68615510,601773718,118101454,1253096252,127801478,3.984579086303711
1,6,290463,141086,1131033,1032194,7334796,58992907,602103922,118119237,1252911176,127804466,2.910844087600708
1,6,271403,126608,1033714,911918,6580716,53844142,599657006,118099457,1251000585,127798703,2.4834439754486084
1,7,254162,119683,960838,894539,6362427,50838000,596040646,118111205,1246816754,127798586,2.523159980773926
1,4,82552,12890,319107,39904,698494,17362561,205627758,41543293,422987372,42600284,1.7528280019760132
1,9,572976,290738,2297868,2293176,16159032,127792982,596197787,118120096,1247092573,127803669,2.614811897277832
1,1,0,0,0,0,0,0,596197787,118120096,1247092573,127803669,2.268312931060791
1,4,2296,10885,272092,32497,571735,14437836,197646683,0,414462872,42599940,0.7944179773330688
1,4,68907,10584,258185,33820,571632,13740979,199541249,41538303,416607545,42598928,0.9284899830818176
1,6,193714,88840,723810,646462,4669909,38233552,594696594,118108164,1245495442,127800437,2.4936940670013428
1,9,180157,82224,663729,602524,4339939,35349025,601773718,118101454,1253096252,127801478,2.8284599781036377
1,8,168329,76645,616656,568651,4055563,32622108,602103922,118119237,1252911176,127804466,2.5284790992736816
1,5,157071,70706,573642,525082,3777662,30617442,599657006,118099457,1251000585,127798703,2.5052099227905273
1,10,146127,67042,535403,513200,3604488,28474341,596040646,118111205,1246816754,127798586,4.005462169647217
1,6,47877,7376,175292,22700,384933,9315614,205627758,41543293,422987372,42600284,1.0028140544891357
1,13,334301,160873,1276824,1196557,8414244,66911990,598330665,118097561,1249529429,127797917,2.6702589988708496
1,1,0,0,0,0,0,0,598330665,118097561,1249529429,127797917,2.288809061050415
1,4,1327,6021,150916,17083,296213,7599370,197646683,0,414462872,42599940,0.742501974105835
1,4,39597,5872,142413,18956,311081,7331217,199541249,41538303,416607545,42598928,0.8795170187950134
1,6,110241,48111,390315,324507,2322026,18887897,594696594,118108164,1245495442,127800437,3.0505239963531494
1,6,103267,46609,377615,342907,2463267,19864157,601773718,118101454,1253096252,127801478,3.651010036468506
1,6,95793,41977,341884,298719,2134087,17388560,602103922,118119237,1252911176,127804466,2.6968159675598145
1,5,89631,39790,322293,275968,1961237,15910853,599657006,118099457,1251000585,127798703,2.5380470752716064
1,7,84437,38243,308863,284111,2020677,16205095,596040646,118111205,1246816754,127798586,2.4046339988708496
1,3,27417,3950,99877,11818,202263,5125745,205627758,41543293,422987372,42600284,1.5025229454040527
1,8,191618,88131,701143,662819,4625394,36444783,596197787,118120096,1247092573,127803669,2.6747310161590576
1,1,0,0,0,0,0,0,596197787,118120096,1247092573,127803669,2.317471981048584
1,4,846,3507,88310,10941,194638,4834236,197646683,0,414462872,42599940,0.7856789827346802
1,4,22650,3350,81259,10728,178258,4224379,199541249,41538303,416607545,42598928,0.8622729778289795
1,6,64187,28403,225883,206287,1467004,11732853,594696594,118108164,1245495442,127800437,2.867172956466675
1,5,59683,25678,207841,183654,1306045,10578257,601773718,118101454,1253096252,127801478,2.646260976791382
1,5,56321,23880,195252,159124,1159160,9652254,602103922,118119237,1252911176,127804466,2.4299681186676025
1,5,52890,22105,178059,151411,1066343,8541771,599657006,118099457,1251000585,127798703,2.330709934234619
1,10,49792,20849,166192,145549,1012949,8042708,596040646,118111205,1246816754,127798586,4.890426158905029
1,5,16277,2294,56023,7318,123704,2983911,205627758,41543293,422987372,42600284,0.9882040023803711
1,8,112896,51648,408428,371528,2600411,20629604,598330665,118097561,1249529429,127797917,2.5855538845062256
1,1,0,0,0,0,0,0,598330665,118097561,1249529429,127797917,2.3897390365600586
1,4,467,1811,46326,4399,74324,1983518,197646683,0,414462872,42599940,0.7901930212974548
1,4,13964,1987,48314,5805,89759,2179644,199541249,41538303,416607545,42598928,0.9023860096931458
1,5,39498,16375,128138,106567,721271,5607144,594696594,118108164,1245495442,127800437,2.4314310550689697
1,5,37363,15444,124885,99740,712490,5821313,601773718,118101454,1253096252,127801478,4.971728801727295
1,6,34825,14356,115459,98942,713055,5818865,602103922,118119237,1252911176,127804466,2.927551031112671
1,5,33091,14043,111730,94825,661152,5237556,599657006,118099457,1251000585,127798703,2.447110891342163
1,7,31689,13266,107996,100630,711502,5645690,596040646,118111205,1246816754,127798586,3.7268691062927246
1,3,10266,1361,34879,3817,65989,1719787,205627758,41543293,422987372,42600284,1.3045289516448975
1,6,69420,28760,232022,202514,1402809,11089842,596197787,118120096,1247092573,127803669,2.736398935317993