inc_type,niters,n_active_vertexes,sum_dlv,sum_dgv,sum_dlv_times_dlv,sum_dlv_times_dgv,sum_dgv_times_dgv,sum_in_border_vertexes,sum_out_border_vertexes,num_edges,num_vertexes,elapsed_time
0,0,12659554,124964200,487314284,6170440414,24147581656,95678215224,0,362350084,973937283,12659554,0
0,0,12658211,125127133,487443313,6097453717,23969797004,95579221737,0,362316180,974569002,12658211,0
0,0,12659012,124511515,487208198,6130571873,24062087425,95679243658,0,362696683,972138082,12659012,0
0,0,4219458,14719757,162546239,239880907,2696004768,31877644471,0,147826482,322574286,4219458,0
0,0,4219551,15362818,162340459,253081094,2762370242,31859670063,0,146977641,330330268,4219551,0
0,0,4220286,14942837,162560107,251031849,2763976108,31957474385,0,147617270,325276279,4220286,0
0,372,4191179,75995054,891003740,19041862816,230239189163,2786893413840,0,4190862,322574286,4219458,1.1279220581054688
1,302,12366942,100940815,391990420,6447816325,25256106343,99842685548,444781913,12366286,972138082,12659012,1.3578749895095825
1,86,4192092,11556264,122530852,230326594,2549577915,29454021444,154117371,4192050,330330268,4219551,0.3069959878921509
1,69,325713,11962165,131257753,234343539,2620271368,30534389523,147773335,0,325276279,4220286,0.2675510048866272
1,278,12362405,130564468,511335669,6661245670,26093985759,103474446643,446340505,12361183,973937283,12659554,1.661303997039795
1,58,3128409,13721293,152222274,237036597,2679567125,31745915968,146809968,4190862,322574286,4219458,0.30856698751449585
1,1,12337935,0,0,0,0,0,446758178,12337935,974569002,12658211,0.37049999833106995
1,8,11052684,138648732,541750845,9373093798,36935891432,146915192921,444781913,12366286,972138082,12659012,0.960798978805542
1,5,3745702,15110795,160055688,253547531,2774858893,32041667958,154117371,4192050,330330268,4219551,0.2515470087528229
1,6,183326,14559901,158956458,251502599,2776753581,32150289442,147773335,0,325276279,4220286,0.2186020016670227
1,8,11020932,129643279,505272888,6386553143,24982704339,98956625320,446340505,12361183,973937283,12659554,0.8361930251121521
1,5,3714507,13929682,154466024,234721114,2648145799,31374783884,146809968,4190862,322574286,4219458,0.21396400034427643
1,3,754,10465,38974,301283,1079729,3948462,446758178,12337935,974569002,12658211,0.31466200947761536
1,4,143124,529135,5407996,4965325,50776637,571476346,146809968,4190862,322574286,4219458,0.10777299851179123
1,3,415,10035,37173,291407,1038368,3777665,446758178,12337935,974569002,12658211,0.3044840097427368
1,5,31521,2222586,23784246,22567580,230619086,2564103630,147773335,0,325276279,4220286,0.13328100740909576
1,7,4594379,41706269,162811646,1103763943,4268976553,16946118324,444781913,12366286,972138082,12659012,0.4812979996204376
1,4,1064856,3243321,33863605,29313923,295544112,3328621805,154117371,4192050,330330268,4219551,0.15627700090408325
1,6,2612738,23451589,90131856,597942561,2292679822,9013745708,446340505,12361183,973937283,12659554,0.4421580135822296
1,4,334954,841863,8715706,6807197,67863691,756304100,146809968,4190862,322574286,4219458,0.11281199753284454
1,3,595,12483,46066,348937,1238860,4495248,446758178,12337935,974569002,12658211,0.3146609961986542
1,4,15746,873020,9318791,7495478,75579069,843346665,147773335,0,325276279,4220286,0.11320099979639053
1,6,970935,7325278,28616595,172232252,662390464,2623582425,444781913,12366286,972138082,12659012,0.3244040012359619
1,4,212246,553471,5465718,4460329,42686738,460215282,154117371,4192050,330330268,4219551,0.12766000628471375
1,5,561320,23181624,88941726,572515432,2192530633,8614870584,446340505,12361183,973937283,12659554,0.4163820147514343
1,4,102462,241877,2366358,1726941,16577485,178874622,146809968,4190862,322574286,4219458,0.10238999873399734
1,3,596,14547,53887,402573,1429417,5204709,446758178,12337935,974569002,12658211,0.3301190137863159
1,4,5114,215599,2310950,1725791,17992358,206209342,147773335,0,325276279,4220286,0.16062399744987488
1,6,265415,1882052,7168748,42939792,164770040,650726322,444781913,12366286,972138082,12659012,0.3184340000152588
1,3,58587,143489,1319995,971283,8589576,86275227,154117371,4192050,330330268,4219551,0.1223829984664917
1,5,205719,23195472,88944065,571492378,2187970370,8594571635,446340505,12361183,973937283,12659554,0.4708859920501709
1,3,30836,71984,702860,479572,4594723,49344656,146809968,4190862,322574286,4219458,0.09353700280189514
1,3,626,16279,60414,435295,1547457,5642506,446758178,12337935,974569002,12658211,0.27260300517082214
1,4,2045,65557,691026,449205,4650367,52990158,147773335,0,325276279,4220286,0.0992560014128685
1,4,77846,550291,2078849,11351445,43181629,169757423,444781913,12366286,972138082,12659012,0.2505669891834259
1,3,14974,40505,361371,275551,2379052,23125569,154117371,4192050,330330268,4219551,0.10326199978590012
1,5,101084,23182193,88889780,570549495,2184313064,8580259874,446340505,12361183,973937283,12659554,0.386029988527298
1,3,6675,18556,181666,128024,1218104,12961818,146809968,4190862,322574286,4219458,0.13726699352264404
1,3,646,17726,65939,460776,1641314,6000519,446758178,12337935,974569002,12658211,0.2737869918346405
1,4,895,18393,191813,119041,1231034,14042129,147773335,0,325276279,4220286,0.1018029972910881
1,4,17056,156335,605959,3510569,13563080,54033495,444781913,12366286,972138082,12659012,0.25328800082206726
1,3,3107,10280,99609,77878,692271,6940297,154117371,4192050,330330268,4219551,0.1305380016565323
1,5,75028,23181843,88888805,570539769,2184286131,8580191223,446340505,12361183,973937283,12659554,0.36618199944496155
1,3,1667,5441,54682,43805,419008,4409524,146809968,4190862,322574286,4219458,0.09600099921226501
1,3,609,18072,67185,467264,1662691,6074925,446758178,12337935,974569002,12658211,0.276542991399765
1,3,364,6249,67014,41237,435114,4980776,147773335,0,325276279,4220286,0.09075099974870682
1,4,5079,58253,229386,1368049,5260378,20889544,444781913,12366286,972138082,12659012,0.25281500816345215
1,3,1050,4042,42097,31204,288395,3022979,154117371,4192050,330330268,4219551,0.10087499767541885
1,5,70254,23177573,88870280,570440757,2183879490,8578471442,446340505,12361183,973937283,12659554,0.3515639901161194
1,2,267,1230,13634,11146,117081,1334286,154117371,4192050,330330268,4219551,0.10170900076627731
1,3,538,18290,67974,472440,1680698,6139122,446758178,12337935,974569002,12658211,0.32042500376701355
1,5,68554,23174803,88860084,570369887,2183625108,8577530752,446340505,12361183,973937283,12659554,0.37738901376724243
1,2,629,2265,24302,14781,136011,1451958,146809968,4190862,322574286,4219458,0.1016089990735054
1,3,258,6730,70414,40858,412891,4574260,147773335,0,325276279,4220286,0.09312699735164642
1,3,1977,24795,98396,469601,1836986,7451122,444781913,12366286,972138082,12659012,0.30017998814582825
1,3,263,7034,73923,43778,447691,5006573,147773335,0,325276279,4220286,0.09318400174379349
1,3,239,1731,19499,15401,162659,1849543,154117371,4192050,330330268,4219551,0.10967399924993515
1,3,786,8610,32795,154804,582186,2262429,446340505,12361183,973937283,12659554,0.28033798933029175
1,2,225,892,9604,6552,63214,678218,146809968,4190862,322574286,4219458,0.09322600066661835
1,3,485,18011,66620,467433,1657062,6029418,446758178,12337935,974569002,12658211,0.27726298570632935
1,3,990,24847,98354,481795,1879362,7590570,444781913,12366286,972138082,12659012,0.2332800030708313
