inc_type,niters,n_active_vertexes,sum_dlv,sum_dgv,sum_dlv_times_dlv,sum_dlv_times_dgv,sum_dgv_times_dgv,sum_in_border_vertexes,sum_out_border_vertexes,num_edges,num_vertexes,elapsed_time
0,0,12659554,124964200,487314284,6170440414,24147581656,95678215224,0,362350084,973937283,12659554,0
0,0,12658211,125127133,487443313,6097453717,23969797004,95579221737,0,362316180,974569002,12658211,0
0,0,12659012,124511515,487208198,6130571873,24062087425,95679243658,0,362696683,972138082,12659012,0
0,0,4219458,14719757,162546239,239880907,2696004768,31877644471,0,147826482,322574286,4219458,0
0,0,4219551,15362818,162340459,253081094,2762370242,31859670063,0,146977641,330330268,4219551,0
0,0,4220286,14942837,162560107,251031849,2763976108,31957474385,0,147617270,325276279,4220286,0
0,372,4191179,75995054,891003740,19041862816,230239189163,2786893413840,0,4190862,322574286,4219458,1.1668260097503662
1,60,970291,6080351,65850829,168756217,1947905623,23111526455,146809968,4190862,322574286,4219458,0.21110199391841888
1,284,12338690,94307025,366805530,5851651247,23071109806,91908598470,446758178,12337935,974569002,12658211,1.3605949878692627
1,1,4192050,0,0,0,0,0,154117371,4192050,330330268,4219551,0.13659800589084625
1,7,263830,11618228,127295485,226415360,2529813870,29459806985,147773335,0,325276279,4220286,0.21368099749088287
1,12,12361981,112121142,438539700,6051286926,23718243614,94026092416,446340505,12361183,973937283,12659554,0.9056280255317688
1,9,12367407,125384392,490650390,7724649108,30371281354,120642275850,444781913,12366286,972138082,12659012,0.8995389938354492
1,8,5397392,54891900,212135510,1445398482,5534384928,21720393226,446340505,12361183,973937283,12659554,0.6304929852485657
1,6,3713650,14209732,157578992,239053212,2696570135,31938103258,146809968,4190862,322574286,4219458,0.22058600187301636
1,7,4405336,132747114,519255113,9198482348,36271945240,144335276501,444781913,12366286,972138082,12659012,0.8112459778785706
1,7,95425,6830217,73491022,66297609,674225422,7489869246,147773335,0,325276279,4220286,0.1912429928779602
1,2,74,370,3040,3928,35033,339278,154117371,4192050,330330268,4219551,0.12284500151872635
1,7,11301983,131507438,511474034,6387624282,25085693720,99931292878,446758178,12337935,974569002,12658211,0.8227450251579285
1,5,974711,2990669,32080038,26677633,276639667,3173528760,146809968,4190862,322574286,4219458,0.15744900703430176
1,2,64,600,5461,6354,60681,621191,154117371,4192050,330330268,4219551,0.12456600368022919
1,5,33377,2015782,21531624,19927318,202585983,2244594092,147773335,0,325276279,4220286,0.13690100610256195
1,6,3836687,32930237,128497419,828521243,3191701079,12613761127,446340505,12361183,973937283,12659554,0.4891889989376068
1,6,2498683,126436367,492017648,6207237653,24391640050,97210947658,446758178,12337935,974569002,12658211,0.7130259871482849
1,7,3020993,24456223,95569590,597759979,2301044143,9112138594,444781913,12366286,972138082,12659012,0.42381998896598816
1,6,1160931,8780555,34242629,204551713,787194789,3116870473,446340505,12361183,973937283,12659554,0.3541660010814667
1,4,483493,1259484,12751872,10021900,98338764,1081729920,146809968,4190862,322574286,4219458,0.11427800357341766
1,5,935451,6928368,26717655,166033892,631717958,2482064795,446758178,12337935,974569002,12658211,0.3731519877910614
1,3,108,904,8373,9406,89021,910377,154117371,4192050,330330268,4219551,0.12600800395011902
1,4,15849,1239997,13130560,10166085,103639902,1173004590,147773335,0,325276279,4220286,0.12328200042247772
1,7,812267,27203243,106053934,648487221,2495007653,9882360086,444781913,12366286,972138082,12659012,0.40644600987434387
1,3,69,1022,9568,10504,99478,1020732,154117371,4192050,330330268,4219551,0.11686000227928162
1,7,209774,27154643,105840583,643927527,2477176961,9811965555,444781913,12366286,972138082,12659012,0.44374701380729675
1,5,256736,1937109,7699528,42608435,163328464,651888852,446758178,12337935,974569002,12658211,0.3378579914569855
1,4,120683,325100,3123322,2291350,21056947,218247440,146809968,4190862,322574286,4219458,0.1205269992351532
1,5,544363,3914549,14913174,77629131,295362812,1158090660,446340505,12361183,973937283,12659554,0.3310360014438629
1,4,4629,215040,2377694,1357078,14034295,163858150,147773335,0,325276279,4220286,0.1102370023727417
1,5,144326,976194,4081363,21060088,81734154,333371607,446758178,12337935,974569002,12658211,0.35650700330734253
1,3,103,1195,10975,12283,113797,1150443,154117371,4192050,330330268,4219551,0.12124200165271759
1,4,4835,230325,2549119,1445705,14929636,173981461,147773335,0,325276279,4220286,0.11536700278520584
1,4,40265,105828,1061787,699760,6686209,71333335,146809968,4190862,322574286,4219458,0.11761300265789032
1,4,102232,873543,3269666,16240885,61042457,236793560,446340505,12361183,973937283,12659554,0.32294198870658875
1,4,201983,1442098,5414369,24276438,91797881,361960687,444781913,12366286,972138082,12659012,0.2910439968109131
1,4,37441,1616221,6072846,26859263,101487707,400071444,444781913,12366286,972138082,12659012,0.27566999197006226
1,3,1842,51158,561274,352912,3603707,40675860,147773335,0,325276279,4220286,0.10922200232744217
1,3,16728,50305,508339,388963,3807153,41031307,146809968,4190862,322574286,4219458,0.11341500282287598
1,4,74916,590648,2436343,11894466,45314159,181447897,446758178,12337935,974569002,12658211,0.31456899642944336
1,3,88,1280,11742,13026,120111,1208672,154117371,4192050,330330268,4219551,0.11114300042390823
1,4,59409,524254,1991430,9879050,37314874,145692582,446340505,12361183,973937283,12659554,0.3361069858074188
1,3,63,1305,12017,13233,122104,1228925,154117371,4192050,330330268,4219551,0.1323709934949875
1,4,15744,578633,2198492,10638431,40137265,156676586,446340505,12361183,973937283,12659554,0.28009700775146484
1,4,21828,238748,915059,5925572,22011432,84411217,446758178,12337935,974569002,12658211,0.29305800795555115
1,3,8417,29590,299592,231556,2219263,23486824,146809968,4190862,322574286,4219458,0.10665900260210037
1,3,1336,33687,352845,224415,2224211,24369831,147773335,0,325276279,4220286,0.09281100332736969
1,4,32818,302762,1203812,5835372,22665747,91572534,444781913,12366286,972138082,12659012,0.2654320001602173
1,4,15203,159884,625810,3384836,13027195,51737582,446340505,12361183,973937283,12659554,0.276078999042511
1,4,13498,365307,1451006,6792519,26360535,106526522,444781913,12366286,972138082,12659012,0.2745809853076935
1,4,17296,184123,704927,4297815,15781527,60099989,446758178,12337935,974569002,12658211,0.30671098828315735
1,3,742,19217,194215,139743,1334280,14030647,147773335,0,325276279,4220286,0.09518499672412872
1,3,5194,19292,197384,156340,1485332,15596962,146809968,4190862,322574286,4219458,0.10681000351905823
1,3,85,1411,12983,13945,128006,1282401,154117371,4192050,330330268,4219551,0.10207699984312057
1,3,6881,74072,298750,1527354,5992980,24414216,444781913,12366286,972138082,12659012,0.2719079852104187
1,3,6406,76526,292306,1848566,6819809,26022982,446758178,12337935,974569002,12658211,0.2981190085411072
1,3,77,1466,13570,14286,131162,1315160,154117371,4192050,330330268,4219551,0.10179399698972702
1,3,1234,5123,52814,41657,392829,4104294,146809968,4190862,322574286,4219458,0.10933499783277512
1,3,239,5196,53827,39416,395908,4340183,147773335,0,325276279,4220286,0.1300559937953949
1,4,12232,133912,525041,2844364,10969382,43631971,446340505,12361183,973937283,12659554,0.2733989953994751
1,3,339,8517,89038,62573,633144,6996120,147773335,0,325276279,4220286,0.10054600238800049
1,4,4337,147954,577155,2960496,11334762,44851587,446340505,12361183,973937283,12659554,0.271791011095047
1,4,5956,64884,259553,1476630,5662732,22428875,444781913,12366286,972138082,12659012,0.2821969985961914
1,3,5741,64597,247267,1495209,5493076,20836501,446758178,12337935,974569002,12658211,0.2811119854450226
1,3,104,1557,14453,13631,122910,1223005,154117371,4192050,330330268,4219551,0.09542299807071686
1,2,1649,6371,63851,46209,429477,4426315,146809968,4190862,322574286,4219458,0.09310100227594376
1,2,1366,16535,62788,427687,1573470,5960548,446758178,12337935,974569002,12658211,0.31362199783325195
1,3,416,12315,127794,92943,937705,10311228,147773335,0,325276279,4220286,0.11335399746894836
1,3,64,1583,14627,13813,124092,1230857,154117371,4192050,330330268,4219551,0.11767400056123734
1,2,345,6932,69151,50116,462501,4736791,146809968,4190862,322574286,4219458,0.10180900245904922
1,4,3409,35212,141434,656204,2615654,10857336,446340505,12361183,973937283,12659554,0.2969369888305664
1,3,3322,37376,149084,783630,3028079,12075994,444781913,12366286,972138082,12659012,0.2808299958705902
1,3,397,13075,135361,94661,954107,10503427,147773335,0,325276279,4220286,0.09460099786520004
1,3,68,1607,14882,14061,126966,1264736,154117371,4192050,330330268,4219551,0.10176700353622437
1,2,495,7813,78321,55579,511130,5211693,146809968,4190862,322574286,4219458,0.10297399759292603
1,3,1217,40858,162730,841876,3246953,12933078,444781913,12366286,972138082,12659012,0.263264000415802
1,3,1723,22588,84432,677480,2502797,9439354,446758178,12337935,974569002,12658211,0.29317501187324524
1,3,1733,19790,82443,404914,1685997,7280879,446340505,12361183,973937283,12659554,0.31544700264930725
1,2,206,905,9348,7387,74271,832586,146809968,4190862,322574286,4219458,0.11339499801397324
1,3,1291,45633,182427,923837,3568754,14249937,444781913,12366286,972138082,12659012,0.2779400050640106
1,3,877,22619,93678,453637,1875190,8052352,446340505,12361183,973937283,12659554,0.28600698709487915
1,3,814,11942,42924,380830,1356254,4928332,446758178,12337935,974569002,12658211,0.3080500066280365
1,3,103,1782,16709,15958,148371,1526663,154117371,4192050,330330268,4219551,0.12763500213623047
1,3,344,13468,139222,93818,938550,10312430,147773335,0,325276279,4220286,0.1049719974398613
1,2,364,3961,15192,71471,264658,1018888,444781913,12366286,972138082,12659012,0.28328898549079895
1,3,472,12786,46234,394120,1406909,5135832,446758178,12337935,974569002,12658211,0.35420000553131104
1,2,161,1253,13012,9551,94236,1062538,146809968,4190862,322574286,4219458,0.0986350029706955
1,3,61,1789,16783,15995,148737,1530291,154117371,4192050,330330268,4219551,0.11573799699544907
1,3,343,13521,139368,94177,939269,10291584,147773335,0,325276279,4220286,0.10065200179815292
1,3,767,23759,98187,475541,1959983,8391271,446340505,12361183,973937283,12659554,0.31627699732780457
