inc_type,niters,n_active_vertexes,sum_dlv,sum_dgv,sum_dlv_times_dlv,sum_dlv_times_dgv,sum_dgv_times_dgv,sum_in_border_vertexes,sum_out_border_vertexes,num_edges,num_vertexes,elapsed_time
0,0,12659554,124964200,487314284,6170440414,24147581656,95678215224,0,362350084,973937283,12659554,0
0,0,12658211,125127133,487443313,6097453717,23969797004,95579221737,0,362316180,974569002,12658211,0
0,0,12659012,124511515,487208198,6130571873,24062087425,95679243658,0,362696683,972138082,12659012,0
0,0,4219458,14719757,162546239,239880907,2696004768,31877644471,0,147826482,322574286,4219458,0
0,0,4219551,15362818,162340459,253081094,2762370242,31859670063,0,146977641,330330268,4219551,0
0,0,4220286,14942837,162560107,251031849,2763976108,31957474385,0,147617270,325276279,4220286,0
1,292,12361868,99926197,390942937,6254248169,24576577468,97509891929,446340505,12361183,973937283,12659554,1.313778042793274
1,81,4192087,11552755,122493111,231256731,2559971626,29570694013,154117371,4192050,330330268,4219551,0.28472599387168884
1,1,4001018,0,0,0,0,0,146809968,4190862,322574286,4219458,0.12072800099849701
1,13,12339547,113912727,442884964,6028938247,23709906433,94448009210,446758178,12337935,974569002,12658211,0.8512359857559204
1,9,12367368,124657367,487737139,6335486187,24857243934,98761558587,444781913,12366286,972138082,12659012,0.8709679841995239
1,7,235971,14796221,161353882,254932053,2814391933,32583120502,147773335,0,325276279,4220286,0.21089200675487518
1,8,11149741,133869332,521719468,6525155030,25516731040,101051154594,446340505,12361183,973937283,12659554,0.8608859777450562
1,5,3766764,14941447,158187746,251981425,2758755365,31859657268,154117371,4192050,330330268,4219551,0.285876989364624
1,2,91,423,4318,3535,34047,358856,146809968,4190862,322574286,4219458,0.09839700162410736
1,6,7563133,72569720,281995463,1917629190,7349842017,28969166193,446758178,12337935,974569002,12658211,0.630495011806488
1,7,5931863,128722746,503475683,7699960698,30338963014,120817936789,444781913,12366286,972138082,12659012,0.690900981426239
1,5,60950,4238251,45264472,39874111,403863560,4478682916,147773335,0,325276279,4220286,0.1460999995470047
1,7,4131762,36820445,141788946,912016741,3487757036,13689542210,446340505,12361183,973937283,12659554,0.46628400683403015
1,2,67,540,5651,4504,44636,483681,146809968,4190862,322574286,4219458,0.1117049977183342
1,5,926293,2700359,27306760,22974101,224598070,2469570664,154117371,4192050,330330268,4219551,0.17769600450992584
1,6,2267494,17996140,69655421,420144608,1601469219,6309200683,446758178,12337935,974569002,12658211,0.40570399165153503
1,7,1886098,125075976,489305138,6208546802,24364899573,96860965248,444781913,12366286,972138082,12659012,0.7512040138244629
1,4,19289,983709,10501499,8534575,88225068,1004595107,147773335,0,325276279,4220286,0.11900699883699417
1,6,1150383,8661889,33007465,193623081,740558172,2914361239,446340505,12361183,973937283,12659554,0.35868600010871887
1,2,69,664,7030,5532,55960,620978,146809968,4190862,322574286,4219458,0.14976100623607635
1,4,281535,709841,6768899,5280531,48641403,509336509,154117371,4192050,330330268,4219551,0.15295499563217163
1,5,747226,5088063,19873414,114653865,437950738,1737247858,446758178,12337935,974569002,12658211,0.337240993976593
1,7,858380,124602629,487491231,6194631005,24311437716,96650610493,444781913,12366286,972138082,12659012,0.5966640114784241
1,4,7979,326953,3449321,2396645,24636500,279442641,147773335,0,325276279,4220286,0.10110200196504593
1,6,423986,2901283,10756186,55951283,211224286,823349716,446340505,12361183,973937283,12659554,0.2995930016040802
1,2,57,718,7567,5818,58847,651603,146809968,4190862,322574286,4219458,0.10807900130748749
1,3,104410,263598,2372208,1809668,16007002,160752788,154117371,4192050,330330268,4219551,0.11202199757099152
1,5,273821,1808999,7192395,37893719,145329927,584001639,446758178,12337935,974569002,12658211,0.31946998834609985
1,7,489843,124451452,486896565,6189824648,24292761930,96576601041,444781913,12366286,972138082,12659012,0.5971419811248779
1,4,4015,114962,1198422,885394,9081524,101863202,147773335,0,325276279,4220286,0.14089399576187134
1,5,127606,1005862,3774703,19451204,73453113,286347507,446340505,12361183,973937283,12659554,0.3153960108757019
1,2,47,759,7934,6049,60631,667160,146809968,4190862,322574286,4219458,0.09632699936628342
1,3,28476,83547,784367,604103,5363365,54315777,154117371,4192050,330330268,4219551,0.11555200070142746
1,5,77213,684808,2638538,16236192,61127014,237993466,446758178,12337935,974569002,12658211,0.3087669909000397
1,7,361094,124386076,486638052,6188032060,24285764804,96548655918,444781913,12366286,972138082,12659012,0.6978949904441833
1,4,2339,48993,509659,344249,3454629,38021993,147773335,0,325276279,4220286,0.10888899862766266
1,5,43623,435586,1682885,9129820,34973443,138195269,446340505,12361183,973937283,12659554,0.28879401087760925
1,2,38,777,8235,6111,61423,681897,146809968,4190862,322574286,4219458,0.1168849989771843
1,3,10570,38131,377873,293729,2644252,26860799,154117371,4192050,330330268,4219551,0.1174750030040741
1,5,33451,354906,1371483,8048674,30115302,116586939,446758178,12337935,974569002,12658211,0.31019800901412964
1,7,333709,124355456,486516616,6187193734,24282577398,96536185630,444781913,12366286,972138082,12659012,0.7380679845809937
1,3,1574,28518,297385,229862,2361037,26285403,147773335,0,325276279,4220286,0.10674499720335007
1,5,22337,245189,951955,5178371,19789321,77957797,446340505,12361183,973937283,12659554,0.296644002199173
1,2,60,927,9779,7351,73000,796011,146809968,4190862,322574286,4219458,0.09495499730110168
1,3,5752,21909,220159,175517,1594033,16324193,154117371,4192050,330330268,4219551,0.11632200330495834
1,4,19106,208785,803502,4489819,16531743,63222902,446758178,12337935,974569002,12658211,0.31467199325561523
1,7,323722,124336978,486442025,6186783242,24280954670,96529561237,444781913,12366286,972138082,12659012,0.6117579936981201
1,3,916,16168,169770,107392,1074405,11864214,147773335,0,325276279,4220286,0.1088000014424324
1,4,13468,145211,562830,2931279,11197546,44155332,446340505,12361183,973937283,12659554,0.2787570059299469
1,2,71,951,10123,7093,70693,780997,146809968,4190862,322574286,4219458,0.09830299764871597
1,4,3311,12462,124936,93328,847791,8711720,154117371,4192050,330330268,4219551,0.12008299678564072
1,4,10977,121416,465436,2688670,9774187,36950366,446758178,12337935,974569002,12658211,0.28206199407577515
1,7,317632,124325502,486397963,6186569414,24280157031,96526469343,444781913,12366286,972138082,12659012,0.6546909809112549
1,3,456,8628,90616,57146,580288,6511462,147773335,0,325276279,4220286,0.09458400309085846
1,4,7516,87842,342188,1994200,7693202,30516664,446340505,12361183,973937283,12659554,0.27645599842071533
1,2,49,1007,10579,7581,74123,802979,146809968,4190862,322574286,4219458,0.09380699694156647
1,3,1725,7037,69299,53571,493505,5056509,154117371,4192050,330330268,4219551,0.107914999127388
1,4,5981,72402,274520,1730442,6260928,23470436,446758178,12337935,974569002,12658211,0.28432101011276245
1,7,314349,124319835,486376163,6186440267,24279665223,96524534457,444781913,12366286,972138082,12659012,0.5626270174980164
1,3,244,4678,48752,35172,350385,3843756,147773335,0,325276279,4220286,0.09297800064086914
1,3,3695,41287,160604,982777,3772809,14935500,446340505,12361183,973937283,12659554,0.25548499822616577
1,2,20,843,9142,5967,60414,681496,146809968,4190862,322574286,4219458,0.09726600348949432
1,2,832,3422,32402,27534,248437,2515964,154117371,4192050,330330268,4219551,0.13016700744628906
1,3,2751,33510,122878,784842,2741666,9887726,446758178,12337935,974569002,12658211,0.27664899826049805
1,7,312404,124316333,486360675,6186386969,24279437192,96523502595,444781913,12366286,972138082,12659012,0.7174490094184875
1,3,883,11611,43442,320571,1154582,4242746,446758178,12337935,974569002,12658211,0.2855930030345917
1,7,311264,124315750,486358187,6186377326,24279399810,96523347253,444781913,12366286,972138082,12659012,0.7237780094146729
1,2,13,847,9168,5973,60408,679978,146809968,4190862,322574286,4219458,0.1063700020313263
1,3,223,5287,54516,38433,380752,4177138,147773335,0,325276279,4220286,0.09360799938440323
1,3,1740,18886,75565,449616,1791397,7367771,446340505,12361183,973937283,12659554,0.28230801224708557
1,3,382,1738,16309,16608,156107,1610273,154117371,4192050,330330268,4219551,0.09481599926948547
1,4,411,5219,21697,120925,499422,2112343,446340505,12361183,973937283,12659554,0.27198299765586853
1,3,226,5531,56879,41071,409226,4494551,147773335,0,325276279,4220286,0.1196729987859726
1,3,104,1767,16514,15745,146272,1501538,154117371,4192050,330330268,4219551,0.15109699964523315
1,2,9,847,9168,5973,60408,679978,146809968,4190862,322574286,4219458,0.09385400265455246
1,3,517,6197,24597,146257,553317,2157115,444781913,12366286,972138082,12659012,0.28319698572158813
1,3,844,15568,57582,400376,1424110,5199728,446758178,12337935,974569002,12658211,0.2787419855594635
