inc_type,niters,n_active_vertexes,sum_dlv,sum_dgv,sum_dlv_times_dlv,sum_dlv_times_dgv,sum_dgv_times_dgv,sum_in_border_vertexes,sum_out_border_vertexes,num_edges,num_vertexes,elapsed_time
0,0,12659554,124964200,487314284,6170440414,24147581656,95678215224,0,362350084,973937283,12659554,0
0,0,12658211,125127133,487443313,6097453717,23969797004,95579221737,0,362316180,974569002,12658211,0
0,0,12659012,124511515,487208198,6130571873,24062087425,95679243658,0,362696683,972138082,12659012,0
0,0,4219458,14719757,162546239,239880907,2696004768,31877644471,0,147826482,322574286,4219458,0
0,0,4219551,15362818,162340459,253081094,2762370242,31859670063,0,146977641,330330268,4219551,0
0,0,4220286,14942837,162560107,251031849,2763976108,31957474385,0,147617270,325276279,4220286,0
0,372,4191179,75995054,891003740,19041862816,230239189163,2786893413840,0,4190862,322574286,4219458,1.1342689990997314
1,70,215280,6837325,75535201,189331555,2164767168,25446871797,147773335,0,325276279,4220286,0.2238519936800003
1,292,12361868,99926197,390942937,6254248169,24576577468,97509891929,446340505,12361183,973937283,12659554,1.362820029258728
1,81,4192087,11552755,122493111,231256731,2559971626,29570694013,154117371,4192050,330330268,4219551,0.30989301204681396
1,1,4001018,0,0,0,0,0,146809968,4190862,322574286,4219458,0.13192400336265564
1,13,12339547,113912727,442884964,6028938247,23709906433,94448009210,446758178,12337935,974569002,12658211,0.8857510089874268
1,9,12367368,124657367,487737139,6335486187,24857243934,98761558587,444781913,12366286,972138082,12659012,0.8806689977645874
1,7,235971,14796221,161353882,254932053,2814391933,32583120502,147773335,0,325276279,4220286,0.2169100046157837
1,8,11149741,133869332,521719468,6525155030,25516731040,101051154594,446340505,12361183,973937283,12659554,0.9394400119781494
1,5,3766764,14941447,158187746,251981425,2758755365,31859657268,154117371,4192050,330330268,4219551,0.24414700269699097
1,2,91,423,4318,3535,34047,358856,146809968,4190862,322574286,4219458,0.09998899698257446
1,6,7563133,72569720,281995463,1917629190,7349842017,28969166193,446758178,12337935,974569002,12658211,0.6592339873313904
1,7,5931863,128722746,503475683,7699960698,30338963014,120817936789,444781913,12366286,972138082,12659012,0.7008020281791687
1,5,60950,4238251,45264472,39874111,403863560,4478682916,147773335,0,325276279,4220286,0.14555400609970093
1,7,4131762,36820445,141788946,912016741,3487757036,13689542210,446340505,12361183,973937283,12659554,0.48163801431655884
1,2,67,540,5651,4504,44636,483681,146809968,4190862,322574286,4219458,0.10290999710559845
1,5,926293,2700359,27306760,22974101,224598070,2469570664,154117371,4192050,330330268,4219551,0.15653899312019348
1,6,2267494,17996140,69655421,420144608,1601469219,6309200683,446758178,12337935,974569002,12658211,0.40076199173927307
1,7,1886098,125075976,489305138,6208546802,24364899573,96860965248,444781913,12366286,972138082,12659012,0.6440190076828003
1,4,19289,983709,10501499,8534575,88225068,1004595107,147773335,0,325276279,4220286,0.12081199884414673
1,6,1150383,8661889,33007465,193623081,740558172,2914361239,446340505,12361183,973937283,12659554,0.3783380091190338
1,2,69,664,7030,5532,55960,620978,146809968,4190862,322574286,4219458,0.14900900423526764
1,4,281535,709841,6768899,5280531,48641403,509336509,154117371,4192050,330330268,4219551,0.1499750018119812
1,5,747226,5088063,19873414,114653865,437950738,1737247858,446758178,12337935,974569002,12658211,0.33614200353622437
1,7,858380,124602629,487491231,6194631005,24311437716,96650610493,444781913,12366286,972138082,12659012,0.7394989728927612
1,4,7979,326953,3449321,2396645,24636500,279442641,147773335,0,325276279,4220286,0.11287499964237213
1,6,423986,2901283,10756186,55951283,211224286,823349716,446340505,12361183,973937283,12659554,0.3017730116844177
1,2,57,718,7567,5818,58847,651603,146809968,4190862,322574286,4219458,0.09502500295639038
1,3,104410,263598,2372208,1809668,16007002,160752788,154117371,4192050,330330268,4219551,0.11040399968624115
1,5,273821,1808999,7192395,37893719,145329927,584001639,446758178,12337935,974569002,12658211,0.29840001463890076
1,7,489843,124451452,486896565,6189824648,24292761930,96576601041,444781913,12366286,972138082,12659012,0.5724449753761292
1,4,4015,114962,1198422,885394,9081524,101863202,147773335,0,325276279,4220286,0.08684399724006653
1,5,127606,1005862,3774703,19451204,73453113,286347507,446340505,12361183,973937283,12659554,0.28045201301574707
1,2,47,759,7934,6049,60631,667160,146809968,4190862,322574286,4219458,0.09607899934053421
1,3,28476,83547,784367,604103,5363365,54315777,154117371,4192050,330330268,4219551,0.1346140056848526
1,5,77213,684808,2638538,16236192,61127014,237993466,446758178,12337935,974569002,12658211,0.28661400079727173
1,7,361094,124386076,486638052,6188032060,24285764804,96548655918,444781913,12366286,972138082,12659012,0.5504159927368164
1,4,2339,48993,509659,344249,3454629,38021993,147773335,0,325276279,4220286,0.09096899628639221
1,5,43623,435586,1682885,9129820,34973443,138195269,446340505,12361183,973937283,12659554,0.2927030026912689
1,2,38,777,8235,6111,61423,681897,146809968,4190862,322574286,4219458,0.10176199674606323
1,3,10570,38131,377873,293729,2644252,26860799,154117371,4192050,330330268,4219551,0.09357599914073944
1,5,33451,354906,1371483,8048674,30115302,116586939,446758178,12337935,974569002,12658211,0.31547701358795166
1,7,333709,124355456,486516616,6187193734,24282577398,96536185630,444781913,12366286,972138082,12659012,0.5744820237159729
1,3,1574,28518,297385,229862,2361037,26285403,147773335,0,325276279,4220286,0.0963210016489029
1,5,22337,245189,951955,5178371,19789321,77957797,446340505,12361183,973937283,12659554,0.2780500054359436
1,2,60,927,9779,7351,73000,796011,146809968,4190862,322574286,4219458,0.10161899775266647
1,3,5752,21909,220159,175517,1594033,16324193,154117371,4192050,330330268,4219551,0.09450999647378922
1,4,19106,208785,803502,4489819,16531743,63222902,446758178,12337935,974569002,12658211,0.2884010076522827
1,7,323722,124336978,486442025,6186783242,24280954670,96529561237,444781913,12366286,972138082,12659012,0.6232889890670776
1,3,916,16168,169770,107392,1074405,11864214,147773335,0,325276279,4220286,0.11174599826335907
1,4,13468,145211,562830,2931279,11197546,44155332,446340505,12361183,973937283,12659554,0.2980560064315796
1,2,71,951,10123,7093,70693,780997,146809968,4190862,322574286,4219458,0.0912960022687912
1,4,3311,12462,124936,93328,847791,8711720,154117371,4192050,330330268,4219551,0.11836499720811844
1,4,10977,121416,465436,2688670,9774187,36950366,446758178,12337935,974569002,12658211,0.29230600595474243
1,7,317632,124325502,486397963,6186569414,24280157031,96526469343,444781913,12366286,972138082,12659012,0.6195989847183228
1,3,456,8628,90616,57146,580288,6511462,147773335,0,325276279,4220286,0.10785099864006042
1,4,7516,87842,342188,1994200,7693202,30516664,446340505,12361183,973937283,12659554,0.28593599796295166
1,2,49,1007,10579,7581,74123,802979,146809968,4190862,322574286,4219458,0.08660099655389786
1,3,1725,7037,69299,53571,493505,5056509,154117371,4192050,330330268,4219551,0.1123410016298294
1,4,5981,72402,274520,1730442,6260928,23470436,446758178,12337935,974569002,12658211,0.3123190104961395
1,3,3695,41287,160604,982777,3772809,14935500,446340505,12361183,973937283,12659554,0.26444101333618164
1,2,20,843,9142,5967,60414,681496,146809968,4190862,322574286,4219458,0.09457799792289734
1,2,832,3422,32402,27534,248437,2515964,154117371,4192050,330330268,4219551,0.10805000364780426
1,3,2751,33510,122878,784842,2741666,9887726,446758178,12337935,974569002,12658211,0.27501198649406433
1,7,312404,124316333,486360675,6186386969,24279437192,96523502595,444781913,12366286,972138082,12659012,0.6327639818191528
1,3,883,11611,43442,320571,1154582,4242746,446758178,12337935,974569002,12658211,0.30747100710868835
1,7,311264,124315750,486358187,6186377326,24279399810,96523347253,444781913,12366286,972138082,12659012,0.7123000025749207
1,2,13,847,9168,5973,60408,679978,146809968,4190862,322574286,4219458,0.09081699699163437
1,3,223,5287,54516,38433,380752,4177138,147773335,0,325276279,4220286,0.10898000001907349
1,3,1740,18886,75565,449616,1791397,7367771,446340505,12361183,973937283,12659554,0.28545600175857544
1,3,382,1738,16309,16608,156107,1610273,154117371,4192050,330330268,4219551,0.12265300005674362
1,4,411,5219,21697,120925,499422,2112343,446340505,12361183,973937283,12659554,0.3020870089530945
1,3,226,5531,56879,41071,409226,4494551,147773335,0,325276279,4220286,0.10790000110864639
1,3,104,1767,16514,15745,146272,1501538,154117371,4192050,330330268,4219551,0.11815500259399414
1,2,9,847,9168,5973,60408,679978,146809968,4190862,322574286,4219458,0.08765699714422226
1,3,517,6197,24597,146257,553317,2157115,444781913,12366286,972138082,12659012,0.264041006565094
1,3,844,15568,57582,400376,1424110,5199728,446758178,12337935,974569002,12658211,0.2957710027694702
