inc_type,niters,n_active_vertexes,sum_dlv,sum_dgv,sum_dlv_times_dlv,sum_dlv_times_dgv,sum_dgv_times_dgv,sum_in_border_vertexes,sum_out_border_vertexes,num_edges,num_vertexes,elapsed_time
0,372,4191179,75995054,891003740,19041862816,230239189163,2786893413840,0,4190862,322574286,4219458,1.1254080533981323
1,60,970291,6080351,65850829,168756217,1947905623,23111526455,146809968,4190862,322574286,4219458,0.21674999594688416
1,284,12338690,94307025,366805530,5851651247,23071109806,91908598470,446758178,12337935,974569002,12658211,1.2736279964447021
1,1,4192050,0,0,0,0,0,154117371,4192050,330330268,4219551,0.13397400081157684
1,7,263830,11618228,127295485,226415360,2529813870,29459806985,147773335,0,325276279,4220286,0.2024500072002411
1,12,12361981,112121142,438539700,6051286926,23718243614,94026092416,446340505,12361183,973937283,12659554,0.8122410178184509
1,9,12367407,125384392,490650390,7724649108,30371281354,120642275850,444781913,12366286,972138082,12659012,0.8645640015602112
1,8,5397392,54891900,212135510,1445398482,5534384928,21720393226,446340505,12361183,973937283,12659554,0.5868549942970276
1,6,3713650,14209732,157578992,239053212,2696570135,31938103258,146809968,4190862,322574286,4219458,0.2588930130004883
1,7,4405336,132747114,519255113,9198482348,36271945240,144335276501,444781913,12366286,972138082,12659012,0.7725419998168945
1,7,95425,6830217,73491022,66297609,674225422,7489869246,147773335,0,325276279,4220286,0.1665620058774948
1,2,74,370,3040,3928,35033,339278,154117371,4192050,330330268,4219551,0.109095998108387
1,7,11301983,131507438,511474034,6387624282,25085693720,99931292878,446758178,12337935,974569002,12658211,0.8073830008506775
1,5,974711,2990669,32080038,26677633,276639667,3173528760,146809968,4190862,322574286,4219458,0.13120800256729126
1,2,64,600,5461,6354,60681,621191,154117371,4192050,330330268,4219551,0.1240210011601448
1,5,33377,2015782,21531624,19927318,202585983,2244594092,147773335,0,325276279,4220286,0.17616599798202515
1,6,3836687,32930237,128497419,828521243,3191701079,12613761127,446340505,12361183,973937283,12659554,0.4990819990634918
1,6,2498683,126436367,492017648,6207237653,24391640050,97210947658,446758178,12337935,974569002,12658211,0.6801639795303345
1,7,3020993,24456223,95569590,597759979,2301044143,9112138594,444781913,12366286,972138082,12659012,0.41109699010849
1,6,1160931,8780555,34242629,204551713,787194789,3116870473,446340505,12361183,973937283,12659554,0.33520400524139404
1,4,483493,1259484,12751872,10021900,98338764,1081729920,146809968,4190862,322574286,4219458,0.10887599736452103
1,5,935451,6928368,26717655,166033892,631717958,2482064795,446758178,12337935,974569002,12658211,0.3378779888153076
1,3,108,904,8373,9406,89021,910377,154117371,4192050,330330268,4219551,0.1158590018749237
1,4,15849,1239997,13130560,10166085,103639902,1173004590,147773335,0,325276279,4220286,0.09803199768066406
1,7,812267,27203243,106053934,648487221,2495007653,9882360086,444781913,12366286,972138082,12659012,0.3821580111980438
1,3,69,1022,9568,10504,99478,1020732,154117371,4192050,330330268,4219551,0.11611100286245346
1,7,209774,27154643,105840583,643927527,2477176961,9811965555,444781913,12366286,972138082,12659012,0.38416001200675964
1,5,256736,1937109,7699528,42608435,163328464,651888852,446758178,12337935,974569002,12658211,0.3561989963054657
1,4,120683,325100,3123322,2291350,21056947,218247440,146809968,4190862,322574286,4219458,0.16035600006580353
1,5,544363,3914549,14913174,77629131,295362812,1158090660,446340505,12361183,973937283,12659554,0.3160249888896942
1,4,4629,215040,2377694,1357078,14034295,163858150,147773335,0,325276279,4220286,0.11120200157165527
1,5,144326,976194,4081363,21060088,81734154,333371607,446758178,12337935,974569002,12658211,0.3114109933376312
1,3,103,1195,10975,12283,113797,1150443,154117371,4192050,330330268,4219551,0.13013200461864471
1,4,4835,230325,2549119,1445705,14929636,173981461,147773335,0,325276279,4220286,0.1112160012125969
1,4,40265,105828,1061787,699760,6686209,71333335,146809968,4190862,322574286,4219458,0.16319599747657776
1,4,102232,873543,3269666,16240885,61042457,236793560,446340505,12361183,973937283,12659554,0.3077479898929596
1,4,201983,1442098,5414369,24276438,91797881,361960687,444781913,12366286,972138082,12659012,0.2737799882888794
1,4,37441,1616221,6072846,26859263,101487707,400071444,444781913,12366286,972138082,12659012,0.3057909905910492
1,3,1842,51158,561274,352912,3603707,40675860,147773335,0,325276279,4220286,0.10913799703121185
1,3,16728,50305,508339,388963,3807153,41031307,146809968,4190862,322574286,4219458,0.1159449964761734
1,4,74916,590648,2436343,11894466,45314159,181447897,446758178,12337935,974569002,12658211,0.3141469955444336
1,3,88,1280,11742,13026,120111,1208672,154117371,4192050,330330268,4219551,0.12047600001096725
1,4,59409,524254,1991430,9879050,37314874,145692582,446340505,12361183,973937283,12659554,0.28123798966407776
1,3,63,1305,12017,13233,122104,1228925,154117371,4192050,330330268,4219551,0.11612600088119507
1,4,15744,578633,2198492,10638431,40137265,156676586,446340505,12361183,973937283,12659554,0.33281201124191284
1,4,21828,238748,915059,5925572,22011432,84411217,446758178,12337935,974569002,12658211,0.30312401056289673
1,3,8417,29590,299592,231556,2219263,23486824,146809968,4190862,322574286,4219458,0.11067900061607361
1,3,1336,33687,352845,224415,2224211,24369831,147773335,0,325276279,4220286,0.14819499850273132
1,4,32818,302762,1203812,5835372,22665747,91572534,444781913,12366286,972138082,12659012,0.35068199038505554
1,4,15203,159884,625810,3384836,13027195,51737582,446340505,12361183,973937283,12659554,0.3023180067539215
1,4,13498,365307,1451006,6792519,26360535,106526522,444781913,12366286,972138082,12659012,0.3069849908351898
1,4,17296,184123,704927,4297815,15781527,60099989,446758178,12337935,974569002,12658211,0.30351200699806213
1,3,742,19217,194215,139743,1334280,14030647,147773335,0,325276279,4220286,0.1106249988079071
1,3,5194,19292,197384,156340,1485332,15596962,146809968,4190862,322574286,4219458,0.1125510036945343
1,3,85,1411,12983,13945,128006,1282401,154117371,4192050,330330268,4219551,0.11505500227212906
1,3,6881,74072,298750,1527354,5992980,24414216,444781913,12366286,972138082,12659012,0.2944999933242798
1,3,6406,76526,292306,1848566,6819809,26022982,446758178,12337935,974569002,12658211,0.3540259897708893
1,3,77,1466,13570,14286,131162,1315160,154117371,4192050,330330268,4219551,0.12618200480937958
1,3,1234,5123,52814,41657,392829,4104294,146809968,4190862,322574286,4219458,0.09834100306034088
1,3,239,5196,53827,39416,395908,4340183,147773335,0,325276279,4220286,0.11891300231218338
1,4,12232,133912,525041,2844364,10969382,43631971,446340505,12361183,973937283,12659554,0.34274300932884216
1,3,339,8517,89038,62573,633144,6996120,147773335,0,325276279,4220286,0.11436499655246735
1,4,4337,147954,577155,2960496,11334762,44851587,446340505,12361183,973937283,12659554,0.33410000801086426
1,4,5956,64884,259553,1476630,5662732,22428875,444781913,12366286,972138082,12659012,0.28292399644851685
1,3,5741,64597,247267,1495209,5493076,20836501,446758178,12337935,974569002,12658211,0.3565270006656647
1,3,104,1557,14453,13631,122910,1223005,154117371,4192050,330330268,4219551,0.12647800147533417
1,2,1649,6371,63851,46209,429477,4426315,146809968,4190862,322574286,4219458,0.0962890014052391
1,2,1366,16535,62788,427687,1573470,5960548,446758178,12337935,974569002,12658211,0.28390899300575256
1,3,416,12315,127794,92943,937705,10311228,147773335,0,325276279,4220286,0.10519099980592728
1,3,64,1583,14627,13813,124092,1230857,154117371,4192050,330330268,4219551,0.10086999833583832
1,2,345,6932,69151,50116,462501,4736791,146809968,4190862,322574286,4219458,0.09355799853801727
1,4,3409,35212,141434,656204,2615654,10857336,446340505,12361183,973937283,12659554,0.2854999899864197
1,3,3322,37376,149084,783630,3028079,12075994,444781913,12366286,972138082,12659012,0.25316399335861206
1,3,397,13075,135361,94661,954107,10503427,147773335,0,325276279,4220286,0.09038800001144409
1,3,68,1607,14882,14061,126966,1264736,154117371,4192050,330330268,4219551,0.1670060008764267
1,2,495,7813,78321,55579,511130,5211693,146809968,4190862,322574286,4219458,0.10289300233125687
1,3,1217,40858,162730,841876,3246953,12933078,444781913,12366286,972138082,12659012,0.5470679998397827
1,3,1723,22588,84432,677480,2502797,9439354,446758178,12337935,974569002,12658211,0.5746870040893555
1,3,1733,19790,82443,404914,1685997,7280879,446340505,12361183,973937283,12659554,0.29578500986099243
1,2,206,905,9348,7387,74271,832586,146809968,4190862,322574286,4219458,0.10203299671411514
1,3,1291,45633,182427,923837,3568754,14249937,444781913,12366286,972138082,12659012,0.24773700535297394
1,3,877,22619,93678,453637,1875190,8052352,446340505,12361183,973937283,12659554,0.2734009921550751
1,3,814,11942,42924,380830,1356254,4928332,446758178,12337935,974569002,12658211,0.28023600578308105
1,3,103,1782,16709,15958,148371,1526663,154117371,4192050,330330268,4219551,0.10040599852800369
1,3,344,13468,139222,93818,938550,10312430,147773335,0,325276279,4220286,0.0984560027718544
1,2,364,3961,15192,71471,264658,1018888,444781913,12366286,972138082,12659012,0.2933799922466278
1,3,472,12786,46234,394120,1406909,5135832,446758178,12337935,974569002,12658211,0.30486300587654114
1,2,161,1253,13012,9551,94236,1062538,146809968,4190862,322574286,4219458,0.10705400258302689
1,3,61,1789,16783,15995,148737,1530291,154117371,4192050,330330268,4219551,0.10097300261259079
1,3,343,13521,139368,94177,939269,10291584,147773335,0,325276279,4220286,0.1469469964504242
1,3,767,23759,98187,475541,1959983,8391271,446340505,12361183,973937283,12659554,0.29008299112319946
