inc_type,niters,n_active_vertexes,sum_dlv,sum_dgv,sum_dlv_times_dlv,sum_dlv_times_dgv,sum_dgv_times_dgv,sum_in_border_vertexes,sum_out_border_vertexes,num_edges,num_vertexes,elapsed_time
0,347,2863180,48071825,348165546,1394964311,10569869340,82166765280,0,6153996,470189727,6236839,1.2851099967956543
1,138,822357,17337521,130333759,616313909,4760438083,37490704717,231194743,6163167,462556954,6235978,0.8553140163421631
1,128,1554972,39897896,291639030,874925208,6646153869,52391965926,235340616,6164848,466514947,6237333,1.033473014831543
1,195,901209,24791998,186306388,706090868,5394393660,42368734400,230373801,6165693,461667401,6235708,0.9524509906768799
1,97,891225,27014611,203411128,751081189,5707337291,44555461106,229082031,6167098,460415365,6235713,0.891094982624054
1,89,842277,25510019,186125418,553089521,4122984297,31819745744,238924934,6153996,470189727,6236839,0.9225879907608032
1,268,843712,28437009,218152557,744096961,5724235439,45317976299,224071526,6171763,455270613,6236968,1.1184730529785156
1,106,844010,30974781,230500726,773437491,5894890654,46365930914,232682677,6165997,463919442,6236323,0.8553590178489685
1,82,848842,32294083,244339567,977337329,7502121569,59166263531,228179875,6162510,459465551,6236480,0.7737820148468018
1,28,16333,366645,2558972,5379017,38165352,285607160,228179875,6162510,459465551,6236480,0.3283590078353882
1,68,756546,27424901,202046722,528721317,4021867946,31926751148,235340616,6164848,466514947,6237333,0.808696985244751
1,113,715402,27016404,203483571,723297048,5521880576,43407311407,230373801,6165693,461667401,6235708,0.7948399782180786
1,97,695216,26279890,198023494,731600074,5558256466,43377921166,229082031,6167098,460415365,6235713,0.8322769999504089
1,55,656967,26404567,192499765,721911265,5463392929,42495164091,238924934,6153996,470189727,6236839,0.8016189932823181
1,35,630729,24393973,188272940,680223641,5253634683,41670472316,224071526,6171763,455270613,6236968,0.741117000579834
1,106,603789,24172430,180255842,668803650,5134942864,40558157282,232682677,6165997,463919442,6236323,0.8117619752883911
1,150,744658,32342312,242013585,794646872,6063051004,47650698007,231194743,6163167,462556954,6235978,0.950747013092041
1,1,0,223,2089,2865,24971,244025,231194743,6163167,462556954,6235978,0.283966988325119
1,55,539873,22032846,162999424,471965210,3571668037,28020808056,235340616,6164848,466514947,6237333,0.7706949710845947
1,186,513716,20738584,155462953,450229858,3409959983,26779193515,230373801,6165693,461667401,6235708,1.055029034614563
1,93,484192,19605720,147530655,451592568,3398933964,26428743239,229082031,6167098,460415365,6235713,0.7380430102348328
1,40,448246,19241277,139411755,435771227,3261050670,25228399765,238924934,6153996,470189727,6236839,0.6993100047111511
1,35,428773,17110738,131883091,394557544,3027032614,24000046953,224071526,6171763,455270613,6236968,0.6444200277328491
1,106,394796,16514536,123725117,380544574,2908212924,22995514153,232682677,6165997,463919442,6236323,0.7523159980773926
1,19,591546,28206705,214470437,737973511,5639369381,44476076669,228179875,6162510,459465551,6236480,0.652292013168335
1,1,0,4,29,10,63,433,228179875,6162510,459465551,6236480,0.2568970024585724
1,43,356573,15103673,112383436,513527667,4043055863,32544773298,235340616,6164848,466514947,6237333,0.6311190128326416
1,199,333294,14163708,106142485,530215394,4108510968,32467134549,230373801,6165693,461667401,6235708,0.7594959735870361
1,232,267329,11637634,84171403,505297516,3894806252,30537109695,238924934,6153996,470189727,6236839,1.0026040077209473
1,61,423270,32502176,242921554,795873814,6071358325,47716636412,231194743,6163167,462556954,6235978,0.8587689995765686
1,71,346485,15776564,119331644,568493000,4361893882,34165360886,229082031,6167098,460415365,6235713,0.6548870205879211
1,16,266591,12018843,90067548,487395089,3822548583,30550938536,232682677,6165997,463919442,6236323,0.5162609815597534
1,57,301889,14217625,109189649,529422581,4124472415,32764707107,224071526,6171763,455270613,6236968,0.6509159803390503
1,1,0,0,42,0,0,1604,224071526,6171763,455270613,6236968,0.2930940091609955
1,31,214773,9870511,72785711,296043909,2269862776,17835651229,235340616,6164848,466514947,6237333,0.4768030047416687
1,21,199862,8982388,68202915,276277208,2162187078,17309542217,230373801,6165693,461667401,6235708,0.48807600140571594
1,33,186877,9021193,65019028,288380003,2199910706,17188011358,238924934,6153996,470189727,6236839,0.5794280171394348
1,22,268147,29578975,224183034,756179827,5767612049,45431223656,228179875,6162510,459465551,6236480,0.6946179866790771
1,15,155987,6944471,52832396,266327319,2041785293,15948614220,229082031,6167098,460415365,6235713,0.43425801396369934
1,10,141832,6482608,48281010,239423502,1879798279,15074698622,232682677,6165997,463919442,6236323,0.4174230098724365
1,19,190463,9460184,70215969,285180210,2205824582,17473567925,231194743,6163167,462556954,6235978,0.4688279926776886
1,1,0,0,12,0,0,72,231194743,6163167,462556954,6235978,0.3009119927883148
1,17,123310,5593658,40988442,236416858,1832398468,14457544304,235340616,6164848,466514947,6237333,0.409402996301651
1,16,116244,4972747,38140279,219425243,1744807860,14083770485,230373801,6165693,461667401,6235708,0.40144699811935425
1,12,107043,4904616,35471098,229645744,1780599460,14030581924,238924934,6153996,470189727,6236839,0.4845989942550659
1,23,149181,17488975,134734594,569435501,4422750352,35142514924,224071526,6171763,455270613,6236968,0.6106399893760681
1,13,91983,3976537,29845700,228545503,1758486904,13691387694,229082031,6167098,460415365,6235713,0.39462101459503174
1,12,83413,3793627,27815844,205256107,1627890298,13101334860,232682677,6165997,463919442,6236323,0.4096609950065613
1,10,107529,5129473,38644116,234361699,1820651883,14386957062,228179875,6162510,459465551,6236480,0.4058389961719513
1,1,0,336,2770,4738,37918,317590,228179875,6162510,459465551,6236480,0.2722949981689453
1,9,68161,3155537,23393895,206478033,1625396061,12938696323,235340616,6164848,466514947,6237333,0.38962599635124207
1,13,62653,2504886,19303900,33560162,253806617,2035439066,230373801,6165693,461667401,6235708,0.3439590036869049
1,9,56875,2501135,17582961,34919185,248283029,1871635905,238924934,6153996,470189727,6236839,0.44036200642585754
1,15,85135,11613008,85807719,311678786,2399562668,18971147409,231194743,6163167,462556954,6235978,0.5048159956932068
1,11,45923,1853630,13880614,25370938,185451362,1430844120,229082031,6167098,460415365,6235713,0.3415839970111847
1,16,42851,1806682,12618256,24697340,173648554,1295364910,232682677,6165997,463919442,6236323,0.34256699681282043
1,23,57205,2439243,18390473,33230111,244818102,1907463719,224071526,6171763,455270613,6236968,0.37572699785232544
1,1,0,5,23,9,42,209,224071526,6171763,455270613,6236968,0.2925319969654083
1,8,36693,1384073,10049342,16533367,120227213,938121390,235340616,6164848,466514947,6237333,0.3613849878311157
1,9,33299,1227322,9278425,14231640,106484892,854641207,230373801,6165693,461667401,6235708,0.32398098707199097
1,9,30791,1245358,8690628,15498680,107309938,796114758,238924934,6153996,470189727,6236839,0.41686099767684937
1,10,45165,6275513,47025781,249696965,1932550162,15252501367,228179875,6162510,459465551,6236480,0.416363000869751
1,17,26844,933550,7142145,11325450,82743634,645848245,229082031,6167098,460415365,6235713,0.32857000827789307
1,10,23774,966266,6655113,11833930,81536289,599035621,232682677,6165997,463919442,6236323,0.3578230142593384
1,7,32033,1301524,9481214,15722372,115007244,892954466,231194743,6163167,462556954,6235978,0.2740119993686676
1,1,0,32,250,132,940,7802,231194743,6163167,462556954,6235978,0.2847149968147278
1,10,18652,791801,5478935,9385511,65544113,490359245,235340616,6164848,466514947,6237333,0.3610140085220337
1,11,16379,698267,5076133,8513157,61279136,471132895,230373801,6165693,461667401,6235708,0.3120790123939514
1,9,15369,631145,4547234,7952601,56651076,431915560,238924934,6153996,470189727,6236839,0.4088670015335083
1,6,22277,3074600,23157629,41023548,302901874,2369728743,224071526,6171763,455270613,6236968,0.36954501271247864
1,17,14738,479904,3673918,6866998,50086165,388143328,229082031,6167098,460415365,6235713,0.3391270041465759
1,10,13456,485364,3365783,6936832,48641613,360021119,232682677,6165997,463919442,6236323,0.3038170039653778
1,7,17478,666431,4890725,8596225,64296456,510667179,228179875,6162510,459465551,6236480,0.312049001455307
1,1,0,2,8,2,8,32,228179875,6162510,459465551,6236480,0.287337988615036
1,8,10548,390784,2670923,5529230,39906320,304689277,235340616,6164848,466514947,6237333,0.3257089853286743
1,8,10078,345050,2528267,5168726,38214404,296586949,230373801,6165693,461667401,6235708,0.298009991645813
1,6,9897,342411,2390508,5074239,36990422,284113174,238924934,6153996,470189727,6236839,0.388278990983963
1,7,14761,1699427,12328619,21503347,157635829,1220866115,231194743,6163167,462556954,6235978,0.35166600346565247
1,8,7521,288818,2102446,4568470,33326315,254714806,229082031,6167098,460415365,6235713,0.3184190094470978
1,5,6490,296663,1994820,4632657,32525031,239140590,232682677,6165997,463919442,6236323,0.30177098512649536
1,9,10058,384286,2956370,5563130,44548290,374214372,224071526,6171763,455270613,6236968,0.32108500599861145
1,1,0,0,1,0,0,1,224071526,6171763,455270613,6236968,0.29276999831199646
1,6,4968,264662,1852260,3828562,27812339,211531876,235340616,6164848,466514947,6237333,0.31981799006462097
1,5,4340,214444,1792819,3299604,26366117,222951335,230373801,6165693,461667401,6235708,0.2937830090522766
1,7,3238,249035,1688645,4127817,29046113,213220419,238924934,6153996,470189727,6236839,0.4155910015106201
1,7,5753,979527,6932120,13052649,94457859,725438700,228179875,6162510,459465551,6236480,0.3031040132045746
1,17,3638,178373,1337277,2839509,20735646,157633647,229082031,6167098,460415365,6235713,0.3183720111846924
1,8,2999,174674,1201405,2673670,18942285,140795953,232682677,6165997,463919442,6236323,0.3132320046424866
1,7,3625,235090,1775901,3608788,27073178,210536091,231194743,6163167,462556954,6235978,0.3126769959926605