inc_type,niters,n_active_vertexes,sum_dlv,sum_dgv,sum_dlv_times_dlv,sum_dlv_times_dgv,sum_dgv_times_dgv,sum_in_border_vertexes,sum_out_border_vertexes,num_edges,num_vertexes,elapsed_time
0,891,49305395,1304046528,2574477108,125979686070,249603363255,496716873484,0,23305587,1848845333,24946610,8.690109252929688
1,136,16606623,673349576,1326774232,68832341352,136584290667,272165888848,925098226,23315722,1851154667,24944732,3.7749381065368652
1,86,8632782,371282002,740905089,41235645198,82122177528,164186834959,922976985,23305587,1848845333,24946610,2.478363037109375
1,1,0,209,466,3487,8368,20330,922976985,23305587,1848845333,24946610,0.7214379906654358
1,33,5013679,221539329,436849526,32707124395,65096208910,129935314920,925098226,23315722,1851154667,24944732,1.7297320365905762
1,1,0,2416,5260,152818,324227,693508,925098226,23315722,1851154667,24944732,0.76637202501297
1,37,2609211,390839416,779158070,42023072072,83655390858,167206020288,922976985,23305587,1848845333,24946610,2.191409111022949
1,1,0,936,1874,47810,94187,186614,922976985,23305587,1848845333,24946610,0.7263630032539368
1,31,1361902,236887318,467097892,33487261644,66639625553,133012654130,925098226,23315722,1851154667,24944732,1.6390999555587769
1,1,0,2408,5302,140324,301842,654594,925098226,23315722,1851154667,24944732,0.7634339928627014
1,24,817987,370676292,738838303,40995732040,81605762240,163082487971,922976985,23305587,1848845333,24946610,1.8591419458389282
1,1,0,209,466,3487,8368,20330,922976985,23305587,1848845333,24946610,0.7311040163040161
1,18,490552,232703027,459462166,33233473341,66154716454,132084184094,925098226,23315722,1851154667,24944732,1.5458519458770752
1,1,0,2382,5247,140098,301366,653583,925098226,23315722,1851154667,24944732,0.7300689816474915
1,21,282455,366907720,731517128,40766428790,81154895236,162190510050,922976985,23305587,1848845333,24946610,1.9224549531936646
1,1,0,220,492,3608,8654,21006,922976985,23305587,1848845333,24946610,0.7388190031051636
1,17,141988,230408686,454984240,33063616382,65820523620,131423248152,925098226,23315722,1851154667,24944732,1.5094499588012695
1,1,0,2391,5273,140179,301600,654259,925098226,23315722,1851154667,24944732,0.7830860018730164
1,14,70105,364750407,727296647,40653757709,80929181075,161734847679,922976985,23305587,1848845333,24946610,1.8739540576934814
1,1,0,346,770,7102,16446,38790,922976985,23305587,1848845333,24946610,0.7615169882774353
1,20,44932,229446019,453137995,33028517383,65753051382,131292376349,925098226,23315722,1851154667,24944732,1.4956010580062866
1,1,0,2382,5247,140098,301366,653583,925098226,23315722,1851154667,24944732,0.7457410097122192
1,10,35489,364307764,726444632,40639131846,80900639641,161678542462,922976985,23305587,1848845333,24946610,1.753527045249939
1,1,0,280,634,5180,12410,30022,922976985,23305587,1848845333,24946610,0.7196720242500305
1,11,22895,229217847,452676429,33018203377,65732377050,131250631229,925098226,23315722,1851154667,24944732,1.5290759801864624