src dst
56166214 56157298
56156890 56157298
56307940 56157298
56156896 56157298
56166354 56157298
56157068 56157298
56157128 56157298
56166364 56157298
56166386 56157298
56157217 56157298
56157224 56157298
56157234 56157298
56157239 56157298
56166295 56157298
56157276 56157298
56157286 56157298
56166444 56157298
56157300 56157298
56292181 56292181
56157237 56292181
56157299 56292181
56157229 56157229
56157237 56157229
56157299 56157229
56157301 56157229
56166444 56157229
56157300 56157229
56292208 56157229
56156918 56157229
56292181 56157237
56157229 56157237
56157237 56157237
56157299 56157237
56157301 56157237
56166444 56157237
56157300 56157237
56292208 56157237
56156918 56157237
56292181 56157299
56157229 56157299
56157237 56157299
56157299 56157299
56157301 56157299
56166444 56157299
56157300 56157299
56292208 56157299
56156918 56157299
56157229 56157301
56157237 56157301
56157299 56157301
56157301 56157301
56166444 56157301
56157300 56157301
56292208 56157301
56156918 56157301
56157298 56166444
56157229 56157300
56157237 56157300
56157299 56157300
56157301 56157300
56166444 56157300
56157300 56157300
56292208 56157300
56156918 56157300
56157229 56292208
56157237 56292208
56157299 56292208
56157301 56292208
56166444 56292208
56157300 56292208
56292208 56292208
56156918 56292208
56157229 56156918
56157237 56156918
56157299 56156918
56157301 56156918
56166444 56156918
56157300 56156918
56292208 56156918
56156918 56156918
56156936 56156968
56156968 56156968
56292173 56156968
56157302 56156968
56292209 56156968
56166445 56156968
56156936 56292173
56156968 56292173
56292173 56292173
56157302 56292173
56292209 56292173
56166445 56292173
56156968 56157302
56292173 56292209
56156936 56166445
56156968 56166445
56292173 56166445
56157302 56166445
56292209 56166445
56166445 56166445
